ASIN,Product Name,Brand,Category,Est. Monthly Revenue,Est. Monthly Sales,Price,Fees,Net,Rank,Reviews,LQS,Sellers,Buy Box Owner,Rating,Dimensions,Product Tier,Weight
B06XQZBXDD,2 Pairs Compression Socks Toe Open Leg Support Stocking Knee High Socks with Zipper,ACTINPUT,Health & Household,$3903.9,210,$18.59,$7.5,11.09,"42,821",514,57,1,Gofriendly,3.9,"""12.91"" x ""9.29"" x ""2.99""",Standard (Large),1.05
B06XQ93S8N,2 Pairs Compression Socks Toe Open Leg Support Stocking Knee High Socks with Zipper,ACTINPUT,Health & Household,$20002.84,1076,$18.59,$5.98,12.61,"48,068",514,57,1,Gofriendly,3.9,"""2.0079"" x ""4.4094"" x ""5.9843""",Standard (Large),0.399
B073V2919L,2 Pairs Compression Socks Toe Open Leg Support Stocking Knee High Socks with Zipper,ACTINPUT,"Clothing, Shoes & Jewelry",$8251.8,510,$16.18,$5.62,10.56,"42,114",378,64,1,Gofriendly,3.8,"""7.32"" x ""4.88"" x ""1.81""",Standard (Large),0.35
B07Y45MQ6N,2 Pairs Compression Socks Toe Open Leg Support Stocking Knee High Socks with Zipper,ACTINPUT,Health & Household,$9295,500,$18.59,$7.5,11.09,"45,873",514,37,1,Gofriendly,3.9,"""2.9921"" x ""9.2913"" x ""12.9134""",Standard (Large),1.0494
B06XKGGDGK,2 Pairs Compression Socks Toe Open Leg Support Stocking Knee High Socks with Zipper,ACTINPUT,"Clothing, Shoes & Jewelry",$17846.4,960,$18.59,$7.5,11.09,"21,331",514,57,1,Gofriendly,3.9,"""12.91"" x ""9.29"" x ""2.99""",Standard (Large),1.05
B06XBQYXTN,2 Pairs Compression Socks Toe Open Leg Support Stocking Knee High Socks with Zipper,ACTINPUT,"Clothing, Shoes & Jewelry",$19519.5,1050,$18.59,$5.98,12.61,"19,364",508,57,1,Gofriendly,3.9,"""9.49"" x ""7.91"" x ""2.2""",Standard (Large),0.95
B073V2KCB7,2 Pairs Compression Socks Toe Open Leg Support Stocking Knee High Socks with Zipper,ACTINPUT,"Clothing, Shoes & Jewelry",$6286.8,390,$16.12,$5.61,10.51,"53,249",378,64,1,Gofriendly,3.8,"""7.32"" x ""4.88"" x ""1.81""",Standard (Large),0.35
B06XQGW7J1,2 Pairs Compression Socks Toe Open Leg Support Stocking Knee High Socks with Zipper,ACTINPUT,Health & Household,$19965.66,1074,$18.59,$5.98,12.61,"48,068",514,37,1,Gofriendly,3.9,"""7.2"" x ""5"" x ""1.3""",Standard (Large),0.04
B074QBQQKP,2 Pairs Compression Socks Toe Open Leg Support Stocking Knee High Socks with Zipper,ACTINPUT,"Clothing, Shoes & Jewelry",$20634.9,1110,$18.59,$5.98,12.61,"18,003",513,57,1,Gofriendly,3.9,"""7.32"" x ""4.88"" x ""1.81""",Standard (Large),0.35
B06XBKLKD5,2 Pairs Compression Socks Toe Open Leg Support Stocking Knee High Socks with Zipper,ACTINPUT,Health & Household,$19742.58,1062,$18.59,$5.98,12.61,"42,599",514,37,1,Gofriendly,3.9,"""13.11"" x ""9.29"" x ""2.01""",Standard (Large),0.75
B074QBQFFN,2 Pairs Compression Socks Toe Open Leg Support Stocking Knee High Socks with Zipper,ACTINPUT,"Clothing, Shoes & Jewelry",$11394.3,570,$19.99,$6.19,13.8,"37,640",376,62,1,Gofriendly,3.8,"""7.32"" x ""4.88"" x ""1.81""",Standard (Large),0.35
B071WRQ3YL,2 Pairs Compression Socks Toe Open Leg Support Stocking Knee High Socks with Zipper,ACTINPUT,"Clothing, Shoes & Jewelry",$25654.2,1380,$18.59,$5.98,12.61,"31,209",514,57,1,Gofriendly,3.9,"""7.28"" x ""4.61"" x ""1.69""",Standard (Large),0.3
B073V2P951,2 Pairs Compression Socks Toe Open Leg Support Stocking Knee High Socks with Zipper,ACTINPUT,"Clothing, Shoes & Jewelry",$27606.15,1485,$18.59,$5.98,12.61,"25,336",514,57,1,Gofriendly,3.9,"""7.32"" x ""4.88"" x ""1.81""",Standard (Large),0.35
B06XQFDMCQ,2 Pairs Compression Socks Toe Open Leg Support Stocking Knee High Socks with Zipper,ACTINPUT,Health & Household,$3903.9,210,$18.59,$5.98,12.61,"45,446",514,57,1,Gofriendly,3.9,"""1.811"" x ""6.0236"" x ""9.7638""",Standard (Large),0.4519
B06XQD7R24,2 Pairs Compression Socks Toe Open Leg Support Stocking Knee High Socks with Zipper,ACTINPUT,Health & Household,$19705.4,1060,$18.59,$5.98,12.61,"42,599",514,57,1,Gofriendly,3.9,"""7.4"" x ""4.49"" x ""1.3""",Standard (Large),0.4
B0793G9B8F,6 Pairs Upgraded Sport Plantar Fasciitis Arch Support Low Cut Running Gym Compression Foot Socks Sleeves 2 Size,ACTINPUT,"Clothing, Shoes & Jewelry",$11723.1,690,$16.99,$5.74,11.25,"30,344",110,42,1,Gofriendly,4.1,"""7.09"" x ""5.31"" x ""2.91""",Standard (Large),0.6
B07MQJPXFJ,"ACTINPUT Compression Socks (8 Pairs) for Women & Men 15-20mmHg - Best Medical,Hiking,Recovery & Flight Socks",ACTINPUT,Sports & Outdoors,$118616.4,7560,$15.69,$7.06,8.63,230,5622,68,1,ACTINPUT SOCKS,4.5,"""2.9"" x ""10.85"" x ""12.45""",Standard (Large),1.0891
B07PF22GDP,"ACTINPUT Compression Socks (8 Pairs) for Women & Men 15-20mmHg - Best Medical,Running,Nursing,Hiking,Recovery & Flight Socks",ACTINPUT,Sports & Outdoors,$101671.2,6480,$15.69,$5.54,10.15,309,5736,69,1,ACTINPUT SOCKS,4.5,"""2.9"" x ""8.5"" x ""10.2""",Standard (Large),0.9502
B07W3KF182,"ACTINPUT Compression Socks (8 Pairs) for Women & Men 15-20mmHg - Best Medical,Running,Nursing,Hiking,Recovery & Flight Socks",ACTINPUT,"Clothing, Shoes & Jewelry",$116733.6,7440,$15.69,$7.06,8.63,514,5780,69,1,ACTINPUT SOCKS,4.5,"""3.3"" x ""8.8"" x ""9.6""",Standard (Large),1.1993
B075H94ZYH,"ACTINPUT Compression Socks (8 Pairs) for Women & Men 15-20mmHg - Best Medical,Running,Nursing,Hiking,Recovery & Flight Socks",ACTINPUT,"Clothing, Shoes & Jewelry",$126681.06,8074,$15.69,$7.06,8.63,439,5800,69,1,ACTINPUT SOCKS,4.5,"""2.7"" x ""10"" x ""12""",Standard (Large),1.0494
B07W3TCCKK,"ACTINPUT Compression Socks (8 Pairs) for Women & Men 15-20mmHg - Best Medical,Running,Nursing,Hiking,Recovery & Flight Socks",ACTINPUT,"Clothing, Shoes & Jewelry",$121911.3,7770,$15.69,$7.06,8.63,378,5797,69,1,ACTINPUT SOCKS,4.5,"""3"" x ""8.9"" x ""9.69""",Standard (Large),1.1508
B076F1JCJN,"ACTINPUT Compression Socks (8 Pairs) for Women & Men 15-20mmHg - Best Medical,Running,Nursing,Hiking,Recovery & Flight Socks",ACTINPUT,"Clothing, Shoes & Jewelry",$126885.03,8087,$15.69,$7.06,8.63,439,5800,69,1,ACTINPUT SOCKS,4.5,"""10.51"" x ""9.84"" x ""2.87""",Standard (Large),1.37
B07NV3KZH9,"ACTINPUT Compression Socks (8 Pairs) for Women & Men 15-20mmHg - Best Medical,Running,Nursing,Hiking,Recovery & Flight Socks",ACTINPUT,Sports & Outdoors,$103318.65,6585,$15.69,$7.06,8.63,466,5780,69,1,ACTINPUT SOCKS,4.5,"""2.9"" x ""8.1"" x ""9.8""",Standard (Large),1.3206
B07H584DG3,"ACTINPUT Compression Socks (8 Pairs) for Women & Men 15-20mmHg - Best Medical,Running,Nursing,Hiking,Recovery & Flight Socks",ACTINPUT,"Clothing, Shoes & Jewelry",$126524.16,8064,$15.69,$7.06,8.63,401,5800,69,1,ACTINPUT SOCKS,4.5,"""3.1"" x ""9"" x ""9""",Standard (Large),1.25
B07MG3FS4T,"ACTINPUT Compression Socks (8 Pairs) for Women & Men 15-20mmHg - Best Medical,Running,Nursing,Hiking,Recovery & Flight Socks",ACTINPUT,"Clothing, Shoes & Jewelry",$118145.7,7530,$15.69,N.A.,N.A.,420,5800,69,1,ACTINPUT SOCKS,4.5,N.A.,,
B07V5L674Y,"ACTINPUT Compression Socks (8 Pairs) for Women & Men 15-20mmHg - Best Medical,Running,Nursing,Hiking,Recovery & Flight Socks",ACTINPUT,Sports & Outdoors,$103083.3,6570,$15.69,N.A.,N.A.,299,5738,69,1,ACTINPUT SOCKS,4.5,"""2.5"" x ""9.2"" x ""10.5""",,1.1508
B07M86M2X5,"ACTINPUT Compression Socks (8 Pairs) for Women & Men 15-20mmHg - Best Medical,Running,Nursing,Hiking,Recovery & Flight Socks",ACTINPUT,"Clothing, Shoes & Jewelry",$115321.5,7350,$15.69,$5.54,10.15,473,5796,69,1,ACTINPUT SOCKS,4.5,"""2.4"" x ""9"" x ""11""",Standard (Large),0.5997
B076892SX9,"ACTINPUT Compression Socks (8 Pairs) for Women & Men 15-20mmHg - Best Medical,Running,Nursing,Hiking,Recovery & Flight Socks",ACTINPUT,"Clothing, Shoes & Jewelry",$127089,8100,$15.69,$7.06,8.63,439,5800,69,1,ACTINPUT SOCKS,4.5,"""9.49"" x ""8.31"" x ""2.91""",Standard (Large),1.45
B0817T8MXB,"ACTINPUT Compression Socks (8 Pairs) for Women & Men 15-20mmHg - Best Medical,Running,Nursing,Hiking,Recovery & Flight Socks",ACTINPUT,"Clothing, Shoes & Jewelry",$128265.75,8175,$15.69,$7.06,8.63,456,5780,69,1,,4.5,"""3.25"" x ""10.6"" x ""10.9""",Standard (Large),1.2302
B07P4CTCF4,"ACTINPUT Compression Socks (8 Pairs) for Women & Men 15-20mmHg - Best Medical,Running,Nursing,Hiking,Recovery & Flight Socks",ACTINPUT,"Clothing, Shoes & Jewelry",$126304.5,8050,$15.69,$7.06,8.63,439,5800,69,1,ACTINPUT SOCKS,4.5,"""3"" x ""10.4"" x ""12.2""",Standard (Large),1.1993
B07NQ8PFYP,"ACTINPUT Compression Socks (8 Pairs) for Women & Men 15-20mmHg - Best Medical,Running,Nursing,Hiking,Recovery & Flight Socks",ACTINPUT,Sports & Outdoors,$102298.8,6520,$15.69,$7.06,8.63,357,5759,69,1,ACTINPUT SOCKS,4.5,"""3"" x ""10.4"" x ""12.2""",Standard (Large),1.1993
B07B3WYXVJ,"ACTINPUT Compression Socks (8 Pairs) for Women & Men 15-20mmHg - Best Medical,Running,Nursing,Hiking,Recovery & Flight Socks",ACTINPUT,"Clothing, Shoes & Jewelry",$118145.7,7530,$15.69,$5.54,10.15,422,5797,69,1,ACTINPUT SOCKS,4.5,"""1"" x ""1"" x ""1""",Standard (Large),0.11
B07SMFH2R6,"ACTINPUT Compression Socks (8 Pairs) for Women & Men 15-20mmHg - Best Medical,Running,Nursing,Hiking,Recovery & Flight Socks",ACTINPUT,Sports & Outdoors,$102612.6,6540,$15.69,$7.06,8.63,303,5757,69,1,ACTINPUT SOCKS,4.5,"""2.3"" x ""9.1"" x ""11.7""",Standard (Large),1.3492
B07RZHLV9N,"ACTINPUT Compression Socks (8 Pairs) for Women & Men 15-20mmHg - Best Medical,Running,Nursing,Hiking,Recovery & Flight Socks",ACTINPUT,Sports & Outdoors,$108731.7,6930,$15.69,$7.06,8.63,271,5735,69,1,ACTINPUT SOCKS,4.5,"""2.5"" x ""9.2"" x ""10.5""",Standard (Large),1.1508
B07P4C6CTZ,"ACTINPUT Compression Socks (8 Pairs) for Women & Men 15-20mmHg - Best Medical,Running,Nursing,Hiking,Recovery & Flight Socks",ACTINPUT,Sports & Outdoors,$118851.75,7575,$15.69,$7.06,8.63,271,5735,69,1,ACTINPUT SOCKS,4.5,"""3"" x ""10.4"" x ""12.2""",Standard (Large),1.1993
B07FKB7P8D,"ACTINPUT Compression Socks (8 Pairs) for Women & Men 15-20mmHg - Best Medical,Running,Nursing,Hiking,Recovery & Flight Socks",ACTINPUT,Sports & Outdoors,$120263.85,7665,$15.69,$5.54,10.15,328,5780,69,1,ACTINPUT SOCKS,4.5,"""1.97"" x ""8.27"" x ""11""",Standard (Large),0.8995
B07NV47NRW,"ACTINPUT Compression Socks (8 Pairs) for Women & Men 15-20mmHg - Best Medical,Running,Nursing,Hiking,Recovery & Flight Socks",ACTINPUT,Sports & Outdoors,$119557.8,7620,$15.69,$7.06,8.63,392,5780,69,1,ACTINPUT SOCKS,4.5,"""3"" x ""10.4"" x ""12.2""",Standard (Large),1.1993
B075H9LC3F,"ACTINPUT Compression Socks (8 Pairs) for Women & Men 15-20mmHg - Best Medical,Running,Nursing,Hiking,Recovery & Flight Socks",ACTINPUT,"Clothing, Shoes & Jewelry",$126351.57,8053,$15.69,$7.06,8.63,439,5800,69,1,ACTINPUT SOCKS,4.5,"""2.8"" x ""9.6"" x ""10""",Standard (Large),1.3492
B075H93GTH,"ACTINPUT Compression Socks (8 Pairs) for Women & Men 15-20mmHg - Best Medical,Running,Nursing,Hiking,Recovery & Flight Socks",ACTINPUT,"Clothing, Shoes & Jewelry",$127010.55,8095,$15.69,$5.54,10.15,401,5800,69,1,ACTINPUT SOCKS,4.5,"""10"" x ""9.02"" x ""0.98""",Standard (Large),1
B07V4JSFKD,"ACTINPUT Compression Socks (8 Pairs) for Women & Men 15-20mmHg - Best Medical,Running,Nursing,Hiking,Recovery & Flight Socks",ACTINPUT,Sports & Outdoors,$101671.2,6480,$15.69,N.A.,N.A.,309,5737,69,1,ACTINPUT SOCKS,4.5,"""3.23"" x ""7.87"" x ""8.74""",,1.25
B07RV6HDV9,"ACTINPUT Compression Socks (8 Pairs) for Women & Men 15-20mmHg - Best Medical,Running,Nursing,Hiking,Recovery & Flight Socks",ACTINPUT,Sports & Outdoors,$91551.15,5835,$15.69,$7.06,8.63,376,5759,69,1,ACTINPUT SOCKS,4.5,"""2.8"" x ""10"" x ""11.5""",Standard (Large),1.0009
B076DRL3WD,"ACTINPUT Compression Socks (8 Pairs) for Women & Men 15-20mmHg - Best Medical,Running,Nursing,Hiking,Recovery & Flight Socks",ACTINPUT,Sports & Outdoors,$121377.66,6078,$19.97,$6.19,13.78,570,5800,69,1,ACTINPUT SOCKS,4.5,"""2"" x ""2"" x ""2""",Standard (Large),0.88
B07NQ8TK33,"ACTINPUT Compression Socks (8 Pairs) for Women & Men 15-20mmHg - Best Medical,Running,Nursing,Hiking,Recovery & Flight Socks",ACTINPUT,"Clothing, Shoes & Jewelry",$129913.2,8280,$15.69,$7.06,8.63,390,5797,69,1,ACTINPUT SOCKS,4.5,"""3.1"" x ""10.15"" x ""11.65""",Standard (Large),1.3404
B07GKFVTYP,"ACTINPUT Compression Socks (8 Pairs) for Women & Men 15-20mmHg - Best Medical,Running,Nursing,Hiking,Recovery & Flight Socks",ACTINPUT,"Clothing, Shoes & Jewelry",$125833.8,8020,$15.69,$7.06,8.63,468,5791,69,1,ACTINPUT SOCKS,4.5,"""2.8"" x ""8"" x ""9""",Standard (Large),1.2302
B07S2P88V5,"ACTINPUT Compression Socks (8 Pairs) for Women & Men 15-20mmHg - Best Medical,Running,Nursing,Hiking,Recovery & Flight Socks",ACTINPUT,"Clothing, Shoes & Jewelry",$127795.05,8145,$15.69,$7.06,8.63,401,5800,69,1,ACTINPUT SOCKS,4.5,"""2.8"" x ""9.2"" x ""9.4""",Standard (Large),1.3492
B07GV5Q3ZR,"ACTINPUT Compression Socks (8 Pairs) for Women & Men 15-20mmHg - Best Medical,Running,Nursing,Hiking,Recovery & Flight Socks",ACTINPUT,"Clothing, Shoes & Jewelry",$123323.4,7860,$15.69,$7.06,8.63,473,5796,69,1,ACTINPUT SOCKS,4.5,"""3"" x ""8.6"" x ""10.7""",Standard (Large),1.1993
B07RW57WKC,"ACTINPUT Compression Socks (8 Pairs) for Women & Men 15-20mmHg - Best Medical,Running,Nursing,Hiking,Recovery & Flight Socks",ACTINPUT,"Clothing, Shoes & Jewelry",$119322.45,7605,$15.69,$7.06,8.63,456,5780,69,1,ACTINPUT SOCKS,4.5,"""2.8"" x ""9.2"" x ""9.4""",Standard (Large),1.3492
B07G92Q3LV,"ACTINPUT Compression Socks (8 Pairs) for Women & Men 15-20mmHg - Best Medical,Running,Nursing,Hiking,Recovery & Flight Socks",ACTINPUT,Sports & Outdoors,$118381.05,7545,$15.69,N.A.,N.A.,353,5780,69,1,ACTINPUT SOCKS,4.5,"""3"" x ""9"" x ""10""",,1.3999
B079RBNMXR,"ACTINPUT Compression Socks (8 Pairs) for Women & Men 15-20mmHg - Best Medical,Running,Nursing,Hiking,Recovery & Flight Socks",ACTINPUT,"Clothing, Shoes & Jewelry",$36949.95,2355,$15.69,$6.53,9.16,405,5800,64,1,ACTINPUT SOCKS,4.5,"""0.9843"" x ""9.0157"" x ""10""",Standard (Large),1.0009
B0768D8SW1,"ACTINPUT Compression Socks (8 Pairs) for Women & Men 15-20mmHg - Best Medical,Running,Nursing,Hiking,Recovery & Flight Socks",ACTINPUT,"Clothing, Shoes & Jewelry",$127183.14,8106,$15.69,$7.06,8.63,401,5800,69,1,ACTINPUT SOCKS,4.5,"""9.53"" x ""9.25"" x ""3.03""",Standard (Large),1.4
B07PH4N43K,"ACTINPUT Compression Socks (8 Pairs) for Women & Men 15-20mmHg - Best Medical,Running,Nursing,Hiking,Recovery & Flight Socks",ACTINPUT,Sports & Outdoors,$96964.2,6180,$15.69,$7.06,8.63,336,5758,69,1,,4.5,"""2.45"" x ""10.9"" x ""12.1""",Standard (Large),1.1795
B07G2QZ21L,"ACTINPUT Compression Socks (8 Pairs) for Women & Men 15-20mmHg - Best Medical,Running,Nursing,Hiking,Recovery & Flight Socks",ACTINPUT,Sports & Outdoors,$101671.2,6480,$15.69,$7.06,8.63,307,5738,69,1,ACTINPUT SOCKS,4.5,"""2.7"" x ""10"" x ""12""",Standard (Large),1.0494
B07MBY5CRX,"ACTINPUT Compression Socks (8 Pairs) for Women & Men 15-20mmHg - Best Medical,Running,Nursing,Hiking,Recovery & Flight Socks",ACTINPUT,"Clothing, Shoes & Jewelry",$113438.7,7230,$15.69,$7.06,8.63,482,5796,69,1,ACTINPUT SOCKS,4.5,"""2.9"" x ""7.7"" x ""7.8""",Standard (Large),1.1508
B07GV6HZYW,"ACTINPUT Compression Socks (8 Pairs) for Women & Men 15-20mmHg - Best Medical,Running,Nursing,Hiking,Recovery & Flight Socks",ACTINPUT,"Clothing, Shoes & Jewelry",$121911.3,7770,$15.69,$7.06,8.63,480,5781,69,1,ACTINPUT SOCKS,4.5,"""3"" x ""8.6"" x ""10.7""",Standard (Large),1.1993
B07MC62VKJ,"ACTINPUT Compression Socks (8 Pairs) for Women & Men 15-20mmHg - Best Medical,Running,Nursing,Hiking,Recovery & Flight Socks",ACTINPUT,Sports & Outdoors,$118381.05,7545,$15.69,$5.54,10.15,353,5780,69,1,ACTINPUT SOCKS,4.5,"""2.5"" x ""9.9"" x ""10.7""",Standard (Large),0.8995
B07NQ73M35,"ACTINPUT Compression Socks (8 Pairs) for Women & Men 15-20mmHg - Best Medical,Running,Nursing,Hiking,Recovery & Flight Socks",ACTINPUT,"Clothing, Shoes & Jewelry",$118145.7,7530,$15.69,$7.06,8.63,420,5800,69,1,ACTINPUT SOCKS,4.5,"""2.95"" x ""10.15"" x ""12.2""",Standard (Large),1.1905
B07MK1524T,"ACTINPUT Compression Socks Men 20-30 mmHg 1 Pair, Medical&Althetic Nursing Performance Socks for Edema, Diabetic, Running Marathon(Men 10-14, Black/Gray)",ACTINPUT,Sports & Outdoors,$0,0,$14.95,$5.43,9.52,"189,481",42,67,1,ACTINPUT SOCKS,4.5,"""1.8"" x ""5"" x ""6.4""",Standard (Large),0.1499
B07MK14WNS,"ACTINPUT Compression Socks Men 20-30 mmHg 1 Pair, Medical&Althetic Nursing Performance Socks for Edema, Diabetic, Running Marathon(Men 10-14,Black)",ACTINPUT,Sports & Outdoors,$0,0,$14.95,$5.43,9.52,"194,915",42,67,1,ACTINPUT SOCKS,4.5,"""1.6142"" x ""2.2047"" x ""10""",Standard (Large),0.6504
B0753CKFFW,"ACTINPUT Compression Socks Men 20-30 mmHg 1 Pair, Medical&Althetic Nursing Performance Socks for Edema, Diabetic, Running Marathon(Men 10-14,Black)",ACTINPUT,Sports & Outdoors,$209.3,14,$14.95,$5.43,9.52,"208,425",42,67,1,ACTINPUT SOCKS,4.5,"""7.6"" x ""4.69"" x ""2.72""",Standard (Large),0.08
B07569L5TF,"ACTINPUT Compression Socks Men 20-30 mmHg 1 Pair, Medical&Althetic Nursing Performance Socks for Edema, Diabetic, Running Marathon(Men 10-14,Black)",ACTINPUT,Sports & Outdoors,$0,0,$14.95,N.A.,N.A.,"185,528",42,67,1,ACTINPUT SOCKS,4.5,"""2.5"" x ""2"" x ""2""",,
B07PP4VHFP,"ACTINPUT Compression Socks Men 20-30 mmHg 1 Pair, Medical&Althetic Nursing Performance Socks for Edema, Diabetic, Running Marathon(Men 10-14,Green)",ACTINPUT,Health & Household,$0,0,$14.95,$5.43,9.52,"579,661",42,67,1,ACTINPUT SOCKS,4.5,"""1.6142"" x ""2.2047"" x ""10""",Standard (Large),0.6504
B07MML1D2F,"ACTINPUT Compression Socks Men 20-30 mmHg 1 Pair,Medical&Althetic Nursing Performance Socks for Edema, Diabetic, Running Marathon(Men 12-14+, Black/Pink)",ACTINPUT,Health & Household,$0,0,$9.99,$4.69,5.3,"620,800",40,67,1,ACTINPUT SOCKS,4.5,"""1.6142"" x ""2.2047"" x ""10""",Standard (Large),0.6504
B07XCK76JR,"Calf Compression Sleeves - Leg Compression Socks for Runners, Shin Splint, Varicose Vein & Calf Pain Relief",ACTINPUT,"Clothing, Shoes & Jewelry",$2034.9,510,$3.99,$4.19,-0.2,"42,108",60,68,1,ACTINPUT SOCKS,4.5,"""1.4"" x ""6.1"" x ""7.3""",Standard (Large),0.399
B07R4J42VM,"Calf Compression Sleeves - Leg Compression Socks for Runners, Shin Splint, Varicose Vein & Calf Pain Relief",ACTINPUT,"Clothing, Shoes & Jewelry",$1975.05,495,$3.99,N.A.,N.A.,"52,897",60,68,1,ACTINPUT SOCKS,4.5,"""0.5"" x ""6.3"" x ""8.4""",,0.1499
B07WSV8T93,"Calf Compression Sleeves - Leg Compression Socks for Runners, Shin Splint, Varicose Vein & Calf Pain Relief",ACTINPUT,"Clothing, Shoes & Jewelry",$1755.6,440,$3.99,$4.19,-0.2,"67,111",60,68,1,ACTINPUT SOCKS,4.5,"""0.8976"" x ""6.1969"" x ""10.5""",Standard (Large),0.2006
B07Z4G4Y8W,"Calf Compression Sleeves - Leg Compression Socks for Runners, Shin Splint, Varicose Vein & Calf Pain Relief",ACTINPUT,"Clothing, Shoes & Jewelry",$1675.8,420,$3.99,N.A.,N.A.,"50,061",60,68,1,ACTINPUT SOCKS,4.5,"""0.75"" x ""11.35"" x ""17.3""",,0.1301
B0787WLGDL,"Calf Compression Sleeves - Leg Compression Socks for Runners, Shin Splint, Varicose Vein & Calf Pain Relief",ACTINPUT,"Clothing, Shoes & Jewelry",$1675.8,420,$3.99,$4.19,-0.2,"50,061",60,48,1,ACTINPUT SOCKS,4.5,"""2"" x ""2"" x ""1""",Standard (Large),0.11
B07XCL9Q57,"Calf Compression Sleeves - Leg Compression Socks for Runners, Shin Splint, Varicose Vein & Calf Pain Relief",ACTINPUT,"Clothing, Shoes & Jewelry",$3112.2,780,$3.99,$4.19,-0.2,"49,607",60,68,1,ACTINPUT SOCKS,4.5,"""1.4"" x ""6.1"" x ""7.3""",Standard (Large),0.399
B07R4J3JJF,"Calf Compression Sleeves - Leg Compression Socks for Runners, Shin Splint, Varicose Vein & Calf Pain Relief",ACTINPUT,"Clothing, Shoes & Jewelry",$2154.6,540,$3.99,$4.19,-0.2,"38,874",60,68,1,ACTINPUT SOCKS,4.5,"""0.8"" x ""6.2"" x ""10.6""",Standard (Large),0.2006
B07RRXX676,"Compression Ankle Athletic Sock Women Men 5/8 Pack 8-15 mmhg, Low Cut Running Cushion Socks Arch Support",ACTINPUT,Sports & Outdoors,$0,0,$13.99,$4.51,9.48,"212,878",64,67,1,Gofriendly,4.3,"""0.315"" x ""4.0945"" x ""7.7953""",Standard (Small),0.2006
B06ZZV17CL,"Compression Ankle Athletic Sock Women Men 5/8 Pack 8-15 mmhg, Low Cut Running Cushion Socks Arch Support",ACTINPUT,Sports & Outdoors,$139.9,10,$13.99,$4.51,9.48,"213,616",64,52,1,Gofriendly,4.3,"""7.09"" x ""3.31"" x ""0.39""",Standard (Small),0.05
B07S9QM8MW,"Compression Ankle Athletic Sock Women Men 5/8 Pack 8-15 mmhg, Low Cut Running Cushion Socks Arch Support",ACTINPUT,Sports & Outdoors,$0,0,$13.99,N.A.,N.A.,"213,616",64,67,1,Gofriendly,4.3,N.A.,,
B07RSYHWQ7,"Compression Ankle Athletic Sock Women Men 5/8 Pack 8-15 mmhg, Low Cut Running Cushion Socks Arch Support",ACTINPUT,Sports & Outdoors,$419.7,30,$13.99,$5.29,8.7,"175,984",66,67,1,Gofriendly,4.3,"""3.55"" x ""7.15"" x ""9.95""",Standard (Large),0.7011
B07SDQ6NTM,"Compression Ankle Athletic Sock Women Men 5/8 Pack 8-15 mmhg, Low Cut Running Cushion Socks Arch Support",ACTINPUT,Sports & Outdoors,$419.7,30,$13.99,$5.29,8.7,"81,462",64,67,1,Gofriendly,4.3,"""1.7"" x ""4.6"" x ""8.1""",Standard (Large),0.2491
B07G73K1ST,"Compression Ankle Athletic Sock Women Men 5/8 Pack 8-15 mmhg, Low Cut Running Cushion Socks Arch Support",ACTINPUT,Sports & Outdoors,$419.7,30,$13.99,$4.51,9.48,"153,772",64,47,1,Gofriendly,4.3,"""0.5118"" x ""4.685"" x ""7.126""",Standard (Small),0.1499
B071R8QLVR,"Compression Ankle Athletic Sock Women Men 5/8 Pack 8-15 mmhg, Low Cut Running Cushion Socks Arch Support",ACTINPUT,"Clothing, Shoes & Jewelry",$2266.92,108,$20.99,$5.56,15.43,"200,707",59,62,1,Gofriendly,4.3,"""7.09"" x ""3.31"" x ""0.39""",Standard (Small),0.05
B06XKX66MV,"Compression Ankle Athletic Sock Women Men 5/8 Pack 8-15 mmhg, Low Cut Running Cushion Socks Arch Support",ACTINPUT,"Clothing, Shoes & Jewelry",$1889.1,90,$20.99,$6.34,14.65,"164,993",59,70,1,Gofriendly,4.3,"""11.1"" x ""7.72"" x ""2.2""",Standard (Large),0.95
B0745ZL8X9,"Compression Ankle Athletic Sock Women Men 5/8 Pack 8-15 mmhg, Low Cut Running Cushion Socks Arch Support",ACTINPUT,Sports & Outdoors,$0,0,$13.99,$5.29,8.7,"187,993",66,47,1,Gofriendly,4.3,"""9.69"" x ""6.61"" x ""2.52""",Standard (Large),0.45
B07TD7Y2GR,"Compression Ankle Athletic Sock Women Men 5/8 Pack 8-15 mmhg, Low Cut Running Cushion Socks Arch Support",ACTINPUT,Sports & Outdoors,$419.7,30,$13.99,$5.29,8.7,"139,835",66,67,1,Gofriendly,4.3,"""2.5197"" x ""6.6142"" x ""9.685""",Standard (Large),0.4497
B07THVVCPD,"Compression Ankle Athletic Sock Women Men 5/8 Pack 8-15 mmhg, Low Cut Running Cushion Socks Arch Support",ACTINPUT,Sports & Outdoors,$419.7,30,$13.99,N.A.,N.A.,"175,984",66,67,1,Gofriendly,4.3,N.A.,,
B07TDCR2NY,"Compression Ankle Athletic Sock Women Men 5/8 Pack 8-15 mmhg, Low Cut Running Cushion Socks Arch Support",ACTINPUT,Sports & Outdoors,$0,0,$13.99,N.A.,N.A.,"183,525",66,67,1,Gofriendly,4.3,N.A.,,
B074NYBF73,"Compression Ankle Athletic Sock Women Men 5/8 Pack 8-15 mmhg, Low Cut Running Cushion Socks Arch Support",ACTINPUT,"Clothing, Shoes & Jewelry",$2518.8,120,$20.99,$5.56,15.43,"134,351",59,62,1,Gofriendly,4.3,"""7.13"" x ""4.69"" x ""0.51""",Standard (Small),0.15
B06XK96JY8,"Compression Ankle Athletic Sock Women Men 5/8 Pack 8-15 mmhg, Low Cut Running Cushion Socks Arch Support",ACTINPUT,Sports & Outdoors,$0,0,$13.99,$5.29,8.7,"212,939",64,52,1,Gofriendly,4.3,"""11.1"" x ""7.72"" x ""2.2""",Standard (Large),0.95
B07W1HLZW9,"Compression Ankle Athletic Sock Women Men 5/8 Pack 8-15 mmhg, Low Cut Running Cushion Socks Arch Support",ACTINPUT,Sports & Outdoors,$279.8,20,$13.99,$5.29,8.7,"104,221",64,67,1,Gofriendly,4.3,"""2.5197"" x ""6.6142"" x ""9.685""",Standard (Large),0.4497
B07TGGJ7Y1,"Compression Ankle Running Socks Men Women 3/7 Pack, Performance Cozy Low Cut Cushion Athletic socks Arch Support",ACTINPUT,"Clothing, Shoes & Jewelry",$2517.9,210,$11.99,N.A.,N.A.,"77,897",186,68,1,Gofriendly,4.4,"""3.55"" x ""7.15"" x ""9.95""",,0.7011
B06XKVLFJ7,"Compression Ankle Running Socks Men Women 3/7 Pack, Performance Cozy Low Cut Cushion Athletic socks Arch Support",ACTINPUT,"Clothing, Shoes & Jewelry",$3956.7,330,$11.99,$4.99,7,"60,207",187,53,1,Gofriendly,4.4,"""11.1"" x ""7.72"" x ""2.2""",Standard (Large),0.95
B01N3PNHSH,"Compression Ankle Running Socks Men Women 3/7 Pack, Performance Cozy Low Cut Cushion Athletic socks Arch Support",ACTINPUT,"Clothing, Shoes & Jewelry",$3956.7,330,$11.99,$4.99,7,"64,450",185,53,1,Gofriendly,4.4,"""8.1"" x ""5.3"" x ""1.8""",Standard (Large),0.35
B06XKLS2HK,"Compression Ankle Running Socks Men Women 3/7 Pack, Performance Cozy Low Cut Cushion Athletic socks Arch Support",ACTINPUT,"Clothing, Shoes & Jewelry",$2877.6,240,$11.99,$4.99,7,"65,489",187,70,1,Gofriendly,4.4,"""11.1"" x ""7.72"" x ""2.2""",Standard (Large),0.95
B07TB2R35G,"Compression Calf Sleeves (20-30mmHg) for Men & Women - Leg Compression Socks for Shin Splint,Running,Medical, Travel, Nursing",ACTINPUT,Health & Household,$0,0,$8.99,$4.54,4.45,"257,867",314,69,1,ACTINPUT SOCKS,4.3,"""0.9"" x ""6.5"" x ""10.5""",Standard (Large),0.1499
B07R8PWJZ9,"Compression Calf Sleeves (20-30mmHg) for Men & Women - Leg Compression Socks for Shin Splint,Running,Medical, Travel, Nursing",ACTINPUT,Health & Household,$12945.6,1440,$8.99,$4.54,4.45,"152,803",314,69,1,ACTINPUT SOCKS,4.3,"""0.8"" x ""6.45"" x ""11.75""",Standard (Large),0.0992
B07YXJWRR5,"Compression Calf Sleeves (20-30mmHg) for Men & Women - Leg Compression Socks for Shin Splint,Running,Medical, Travel, Nursing",ACTINPUT,Health & Household,$134.85,15,$8.99,$4.54,4.45,"275,784",314,69,1,ACTINPUT SOCKS,4.3,"""1"" x ""5"" x ""10.5""",Standard (Large),0.1499
B07SJZFRDC,"Compression Calf Sleeves (20-30mmHg) for Men & Women - Leg Compression Socks for Shin Splint,Running,Medical, Travel, Nursing",ACTINPUT,Health & Household,$11462.25,1275,$8.99,N.A.,N.A.,"139,869",314,69,1,ACTINPUT SOCKS,4.3,"""1.378"" x ""6.1417"" x ""10.4331""",,0.2535
B07GD6GWJ5,"Compression Calf Sleeves (20-30mmHg) for Men & Women - Leg Compression Socks for Shin Splint,Running,Medical, Travel, Nursing",ACTINPUT,Health & Household,$10518.3,1170,$8.99,$4.54,4.45,"159,436",314,69,1,ACTINPUT SOCKS,4.3,"""1.2"" x ""4.4"" x ""7.4""",Standard (Large),0.0507
B07R7L29DS,"Compression Calf Sleeves (20-30mmHg) for Men & Women - Leg Compression Socks for Shin Splint,Running,Medical, Travel, Nursing",ACTINPUT,Health & Household,$6068.25,675,$8.99,$4.54,4.45,"175,142",314,69,1,ACTINPUT SOCKS,4.3,"""0.8"" x ""6.5"" x ""11""",Standard (Large),0.1499
B07R9S7MQ3,"Compression Calf Sleeves (20-30mmHg) for Men & Women - Leg Compression Socks for Shin Splint,Running,Medical, Travel, Nursing",ACTINPUT,Health & Household,$0,0,$8.99,$4.54,4.45,"257,867",314,69,1,ACTINPUT SOCKS,4.3,"""1"" x ""9"" x ""10.5""",Standard (Large),0.1499
B07YXJD5LH,"Compression Calf Sleeves (20-30mmHg) for Men & Women - Leg Compression Socks for Shin Splint,Running,Medical, Travel, Nursing",ACTINPUT,Health & Household,$269.7,30,$8.99,N.A.,N.A.,"192,451",317,69,1,ACTINPUT SOCKS,4.3,N.A.,,
B07V54VZP8,"Compression Calf Sleeves (20-30mmHg) for Men & Women - Leg Compression Socks for Shin Splint,Running,Medical, Travel, Nursing",ACTINPUT,Health & Household,$0,0,$8.99,$4.54,4.45,"260,469",314,69,1,,4.3,"""1"" x ""7.25"" x ""11.25""",Standard (Large),0.2998
B07XBKDXXV,"Compression Calf Sleeves (20-30mmHg) for Men & Women - Leg Compression Socks for Shin Splint,Running,Medical, Travel, Nursing",ACTINPUT,Health & Household,$0,0,$8.99,$4.54,4.45,"260,046",316,69,1,ACTINPUT SOCKS,4.3,"""1.25"" x ""7.5"" x ""11.7""",Standard (Large),0.2998
B07R9VX9LK,"Compression Calf Sleeves (20-30mmHg) for Men & Women - Leg Compression Socks for Shin Splint,Running,Medical, Travel, Nursing",ACTINPUT,Health & Household,$269.7,30,$8.99,N.A.,N.A.,"167,839",317,69,1,ACTINPUT SOCKS,4.3,"""1.2"" x ""4.5"" x ""7.2""",,0.2006
B07R9W1HVZ,"Compression Calf Sleeves (20-30mmHg) for Men & Women - Leg Compression Socks for Shin Splint,Running,Medical, Travel, Nursing",ACTINPUT,Health & Household,$269.7,30,$8.99,$4.54,4.45,"192,451",317,69,1,ACTINPUT SOCKS,4.3,"""1.2"" x ""5"" x ""10""",Standard (Large),0.0507
B07R9VR4J2,"Compression Calf Sleeves (20-30mmHg) for Men & Women - Leg Compression Socks for Shin Splint,Running,Medical, Travel, Nursing",ACTINPUT,Health & Household,$0,0,$8.99,N.A.,N.A.,"257,867",314,69,1,ACTINPUT SOCKS,4.3,N.A.,,
B07S51V38Y,"Compression Calf Sleeves (20-30mmHg) for Men & Women - Leg Compression Socks for Shin Splint,Running,Medical, Travel, Nursing",ACTINPUT,Health & Household,$0,0,$8.99,$4.54,4.45,"242,784",314,69,1,ACTINPUT SOCKS,4.3,"""0.8"" x ""5.5"" x ""7.5""",Standard (Large),0.0397
B07MVY7716,"Compression Calf Sleeves (20-30mmHg) for Men & Women - Leg Compression Socks for Shin Splint,Running,Medical, Travel, Nursing",ACTINPUT,Health & Household,$13350.15,1485,$8.99,$4.54,4.45,"226,177",314,69,1,ACTINPUT SOCKS,4.3,"""1.2"" x ""3.78"" x ""7.17""",Standard (Large),0.0904
B07SPRR6J3,"Compression Calf Sleeves (20-30mmHg) for Men & Women - Leg Compression Socks for Shin Splint,Running,Medical, Travel, Nursing",ACTINPUT,Health & Household,$13215.3,1470,$8.99,$4.54,4.45,"152,803",314,69,1,ACTINPUT SOCKS,4.3,"""1.2205"" x ""6.2992"" x ""10.4724""",Standard (Large),0.2337
B07YXJVNXD,"Compression Calf Sleeves (20-30mmHg) for Men & Women - Leg Compression Socks for Shin Splint,Running,Medical, Travel, Nursing",ACTINPUT,Health & Household,$11057.7,1230,$8.99,$4.54,4.45,"274,753",314,69,1,ACTINPUT SOCKS,4.3,"""1.25"" x ""5.7"" x ""10""",Standard (Large),0.2006
B07R9VBMJK,"Compression Calf Sleeves (20-30mmHg) for Men & Women - Leg Compression Socks for Shin Splint,Running,Medical, Travel, Nursing",ACTINPUT,Health & Household,$269.7,30,$8.99,N.A.,N.A.,"167,839",317,69,1,ACTINPUT SOCKS,4.3,N.A.,,
B07R4J3T5V,"Compression Calf Sleeves (20-30mmHg) for Men & Women - Leg Compression Socks for Shin Splint,Running,Medical, Travel, Nursing",ACTINPUT,Health & Household,$269.7,30,$8.99,$4.54,4.45,"204,509",317,69,1,ACTINPUT SOCKS,4.3,"""0.85"" x ""6.25"" x ""10.65""",Standard (Large),0.1499
B07WJZVDHB,Compression Calf Sleeves (20-30mmHg) for Men & Women 1 Pack Black M,ACTINPUT,Health & Household,$0,0,$7.99,$4.39,3.6,"1,345,110",,66,1,Gofriendly,,"""0.7874"" x ""6.3386"" x ""8.2283""",Standard (Large),0.5004
B07MK15DH9,"Compression Socks (20-30mmHg) for Women - Best Stockings for Running, Medical, Athletic, Edema, Diabetic, Travel",ACTINPUT,Sports & Outdoors,$0,0,$9.99,N.A.,N.A.,"253,588",20,68,1,ACTINPUT SOCKS,4.3,N.A.,,
B0752DJP6B,"Compression Socks (20-30mmHg) For Women&Men - Best for Running,Travel,Cycling,Pregnant",ACTINPUT,"Clothing, Shoes & Jewelry",$14085.9,1410,$9.99,$4.69,5.3,"13,117",568,67,1,ACTINPUT SOCKS,4.5,"""7.2"" x ""3.7"" x ""1.18""",Standard (Large),0.2
B0752CSDQH,"Compression Socks (20-30mmHg) For Women&Men - Best for Running,Travel,Cycling,Pregnant",ACTINPUT,"Clothing, Shoes & Jewelry",$12287.7,1230,$9.99,N.A.,N.A.,"15,620",568,67,1,ACTINPUT SOCKS,4.5,"""2.5"" x ""2"" x ""2""",,
B075282TPC,"Compression Socks (20-30mmHg) For Women&Men - Best for Running,Travel,Cycling,Pregnant",ACTINPUT,"Clothing, Shoes & Jewelry",$38234.7,1530,$24.99,$6.94,18.05,"11,768",568,67,1,ACTINPUT SOCKS,4.5,"""7.87"" x ""5.39"" x ""1.26""",Standard (Large),0.19
B07H6DT7WD,"Compression Socks (20-30mmHg) For Women&Men - Best for Running,Travel,Cycling,Pregnant",ACTINPUT,"Clothing, Shoes & Jewelry",$24464.7,1530,$15.99,$5.59,10.4,"11,982",17,67,1,ACTINPUT SOCKS,4.6,"""2.4409"" x ""6.063"" x ""9.3701""",Standard (Large),0.4938
B07FK9HPXT,"Compression Socks 15-20 mmHg is Best Athletic & Medical for Men & Women Running Flight Travel Nurses Pregnant(L/XL, Multicoloured 4)",ACTINPUT,Sports & Outdoors,$0,0,$14.99,$6.96,8.03,"188,971",99,66,1,ACTINPUT SOCKS,4.4,"""2.2"" x ""8.6"" x ""12""",Standard (Large),1.0009
B07QSR8WT9,"Compression Socks 15-20 mmHg is Best Athletic & Medical for Men & Women Running Flight Travel Nurses Pregnant(L/XL, Multicoloured 5)",ACTINPUT,Sports & Outdoors,$0,0,$12.95,$5.13,7.82,"194,025",99,66,1,ACTINPUT SOCKS,4.4,"""2.4409"" x ""6.063"" x ""9.3701""",Standard (Large),0.4938
B07L886JKL,"Compression Socks 15-20 mmHg is Best Athletic & Medical for Men & Women Running Flight Travel Nurses Pregnant(S/M, Black)",ACTINPUT,Sports & Outdoors,$0,0,$14.99,N.A.,N.A.,"184,615",99,46,1,ACTINPUT SOCKS,4.4,N.A.,,
B07K4YLL56,"Compression Socks 15-20 mmHg is Best Athletic & Medical for Men & Women Running Flight Travel Nurses Pregnant(S/M, Black)",ACTINPUT,Sports & Outdoors,$0,0,$14.99,$5.44,9.55,"195,228",99,66,1,ACTINPUT SOCKS,4.4,"""2.4409"" x ""6.063"" x ""9.3701""",Standard (Large),0.4938
B0787PSC7D,"Compression Socks 15-20 mmHg is Best Athletic & Medical for Men & Women Running Flight Travel Nurses Pregnant(S/M, Black)",ACTINPUT,Health & Household,$0,0,$14.99,$5.44,9.55,"413,189",97,71,1,ACTINPUT SOCKS,4.4,"""10.04"" x ""6.22"" x ""2.4""",Standard (Large),0.48
B07L8867YS,"Compression Socks 15-20 mmHg is Best Athletic & Medical for Men & Women Running Flight Travel Nurses Pregnant(S/M, Multicoloured 1)",ACTINPUT,Health & Household,$0,0,$14.99,$5.44,9.55,"281,936",97,66,1,ACTINPUT SOCKS,4.4,"""2.4409"" x ""6.063"" x ""9.3701""",Standard (Large),0.4938
B0768D7GG9,"Compression Socks 3/5 Pairs For Women & Men-Best Compression Stockings For Running(Large/X-Large, Assorted)",ACTINPUT,Health & Household,$1862.77,161,$11.57,$4.93,6.64,"484,443",169,70,1,ACTINPUT SOCKS,4.4,"""2"" x ""2"" x ""2""",Standard (Large),0.22
B077ZTYFJ9,Compression Socks 3Pairs For Women & Men-Best Compression Stockings For Running - 15-20mmHg,ACTINPUT,Sports & Outdoors,$99.9,10,$9.99,$4.69,5.3,"468,471",10,67,1,ACTINPUT SOCKS,4.7,"""2"" x ""2"" x ""1""",Standard (Large),0.22
B077ZTPXFG,Compression Socks 3Pairs For Women & Men-Best Compression Stockings For Running - 15-20mmHg,ACTINPUT,Sports & Outdoors,$0,0,$15.99,$5.59,10.4,"478,157",10,67,1,ACTINPUT SOCKS,4.7,"""2"" x ""1"" x ""1""",Standard (Large),0.22
B06X961FLD,Compression Socks For Men Women 15-20mmHg 3/8 Pack Performance Socks for Running Medical Athletic Travel Pregnancy Nurses,ACTINPUT,"Clothing, Shoes & Jewelry",$0,0,$16.99,$5.74,11.25,"991,903",30,71,1,Gofriendly,4.4,"""14.8"" x ""7.91"" x ""2.44""",Standard (Large),0.41
B07RL9Y45L,"Compression Socks For Men Women 3 Pack Performance Socks (L/XL,8 Pairs Black White Grey) …",ACTINPUT,Health & Household,$0,0,$9.99,N.A.,N.A.,"834,641",5,64,1,Gofriendly,4,N.A.,,
B07RJ3K56J,"Compression Socks For Men Women 3 Pack Performance Socks (S/M,3 Pairs Black White Grey) …",ACTINPUT,Health & Household,$0,0,$9.99,$4.69,5.3,"661,587",5,64,1,Gofriendly,4,"""2.5"" x ""4"" x ""7.6""",Standard (Large),0.4497
B07WTS62WJ,Compression Socks For Men Women for Running Nurses Shin Splints Diabetic Athletic Flight Travel Pregnancy Nurses,ACTINPUT,Sports & Outdoors,$110.4,15,$7.36,$4.29,3.07,"86,457",32,69,1,Gofriendly,4.5,"""1.1"" x ""3.6"" x ""8""",Standard (Large),0.2006
B07WSSN573,Compression Socks For Men Women for Running Nurses Shin Splints Diabetic Athletic Flight Travel Pregnancy Nurses,ACTINPUT,Sports & Outdoors,$0,0,$7.36,$4.29,3.07,"224,789",32,69,1,Gofriendly,4.5,"""1.2"" x ""6"" x ""9.2""",Standard (Large),0.2006
B07XGNVC4H,Compression Socks For Men Women for Running Nurses Shin Splints Diabetic Athletic Flight Travel Pregnancy Nurses,ACTINPUT,"Clothing, Shoes & Jewelry",$220.8,30,$7.36,$4.29,3.07,"411,988",31,69,1,Gofriendly,4.4,"""1.9"" x ""5.4"" x ""8.8""",Standard (Large),0.549
B07F7W8T2F,Compression Socks For Men Women for Running Nurses Shin Splints Diabetic Athletic Flight Travel Pregnancy Nurses,ACTINPUT,"Clothing, Shoes & Jewelry",$0,0,$7.36,$4.29,3.07,"605,679",30,69,1,Gofriendly,4.5,"""2.4016"" x ""7.0866"" x ""9.7638""",Standard (Large),0.5666
B07XKFFT61,Compression Socks For Men Women for Running Nurses Shin Splints Diabetic Athletic Flight Travel Pregnancy Nurses,ACTINPUT,Sports & Outdoors,$110.4,15,$7.36,N.A.,N.A.,"108,067",32,69,1,Gofriendly,4.5,N.A.,,
B073V2BDN1,Compression Socks For Men Women for Running Nurses Shin Splints Diabetic Athletic Flight Travel Pregnancy Nurses,ACTINPUT,"Clothing, Shoes & Jewelry",$220.8,30,$7.36,$4.29,3.07,"458,961",32,69,1,Gofriendly,4.5,"""7.32"" x ""4.88"" x ""1.81""",Standard (Large),0.35
B07WVRKP4R,Compression Socks For Men Women for Running Nurses Shin Splints Diabetic Athletic Flight Travel Pregnancy Nurses,ACTINPUT,Sports & Outdoors,$0,0,$7.36,N.A.,N.A.,"224,789",32,69,1,Gofriendly,4.5,"""2.1732"" x ""4.7559"" x ""8.6811""",,0.4542
B07WSS5NK8,Compression Socks For Men Women for Running Nurses Shin Splints Diabetic Athletic Flight Travel Pregnancy Nurses,ACTINPUT,Sports & Outdoors,$0,0,$7.36,$4.29,3.07,"232,347",32,69,1,,4.5,"""2.1732"" x ""4.7559"" x ""8.6811""",Standard (Large),0.4542
B07XKFGVPT,Compression Socks For Men Women for Running Nurses Shin Splints Diabetic Athletic Flight Travel Pregnancy Nurses,ACTINPUT,Sports & Outdoors,$0,0,$7.36,N.A.,N.A.,"264,181",32,69,1,Gofriendly,4.5,N.A.,,
B07YCZ6F6W,Compression Socks For Men Women for Running Nurses Shin Splints Diabetic Athletic Flight Travel Pregnancy Nurses,ACTINPUT,Sports & Outdoors,$220.8,30,$7.36,$4.29,3.07,"136,966",32,69,1,Gofriendly,4.5,"""1.9"" x ""5.4"" x ""8.8""",Standard (Large),0.549
B07XGP2JN4,Compression Socks For Men Women for Running Nurses Shin Splints Diabetic Athletic Flight Travel Pregnancy Nurses,ACTINPUT,Sports & Outdoors,$220.8,30,$7.36,N.A.,N.A.,"162,031",32,69,1,Gofriendly,4.5,"""1.9"" x ""5.4"" x ""8.8""",,0.549
B07WTPH8HG,Compression Socks For Men Women for Running Nurses Shin Splints Diabetic Athletic Flight Travel Pregnancy Nurses,ACTINPUT,Sports & Outdoors,$110.4,15,$7.36,N.A.,N.A.,"207,127",32,71,1,Gofriendly,4.5,"""1.9"" x ""5.4"" x ""8.8""",,0.549
B07XMH5D1J,Compression Socks For Men Women for Running Nurses Shin Splints Diabetic Athletic Flight Travel Pregnancy Nurses,ACTINPUT,Sports & Outdoors,$220.8,30,$7.36,$4.29,3.07,"113,506",32,69,1,Gofriendly,4.5,"""1.9"" x ""5.4"" x ""8.8""",Standard (Large),0.549
B07XFD36RH,Compression Socks For Men Women for Running Nurses Shin Splints Diabetic Athletic Flight Travel Pregnancy Nurses,ACTINPUT,Sports & Outdoors,$0,0,$7.36,$4.29,3.07,"232,347",32,69,1,Gofriendly,4.5,"""1.9"" x ""5.4"" x ""8.8""",Standard (Large),0.549
B07XKT3QST,Compression Socks For Men Women for Running Nurses Shin Splints Diabetic Athletic Flight Travel Pregnancy Nurses,ACTINPUT,Sports & Outdoors,$110.4,15,$7.36,$4.29,3.07,"190,770",32,69,1,Gofriendly,4.5,"""1.9"" x ""5.4"" x ""8.8""",Standard (Large),0.549
B07XMLQ9BT,Compression Socks For Men Women for Running Nurses Shin Splints Diabetic Athletic Flight Travel Pregnancy Nurses,ACTINPUT,Sports & Outdoors,$220.8,30,$7.36,$4.29,3.07,"103,727",32,69,1,Gofriendly,4.5,"""1.9"" x ""5.4"" x ""8.8""",Standard (Large),0.549
B07WWVJC5R,Compression Socks For Men Women for Running Nurses Shin Splints Diabetic Athletic Flight Travel Pregnancy Nurses,ACTINPUT,Sports & Outdoors,$0,0,$7.36,N.A.,N.A.,"215,749",32,69,1,Gofriendly,4.5,"""2.1732"" x ""4.7559"" x ""8.6811""",,0.4542
B07L5FZPXT,"Compression Socks for Women & Men(1/3/6 PACK) - Best for Running,Sport,Nurse,Travel,Cycling-20-30mmHg",ACTINPUT,Sports & Outdoors,$8366.4,720,$11.62,$4.93,6.69,"6,820",147,71,1,ACTINPUT SOCKS,4.6,"""1.2"" x ""3.78"" x ""7.17""",Standard (Large),0.0904
B07L5G1KRH,"Compression Socks for Women & Men(1/3/6 PACK) - Best for Running,Sport,Nurse,Travel,Cycling-20-30mmHg",ACTINPUT,Sports & Outdoors,$15718.17,983,$15.99,$5.59,10.4,"7,582",147,71,1,ACTINPUT SOCKS,4.6,"""1.2"" x ""3.78"" x ""7.17""",Standard (Large),0.0904
B07B7KYT3D,"Compression Socks for Women & Men-Best Running, Nurse,Athletic Sports, Flight Travel - 15-20mmHg (Small/Medium, Nude)",ACTINPUT,Sports & Outdoors,$269.7,30,$8.99,$4.54,4.45,"104,718",151,46,1,ACTINPUT SOCKS,4.5,"""1"" x ""1"" x ""1""",Standard (Large),0.11
B07H7GY97G,"Compression Socks for Women & Men-Best Running, Nurse,Athletic Sports, Flight Travel - 15-20mmHg(Large/X-Large, Assorted 2)",ACTINPUT,Sports & Outdoors,$0,0,$9.99,$4.69,5.3,"319,825",20,66,1,ACTINPUT SOCKS,4.3,"""2.4409"" x ""6.063"" x ""9.3701""",Standard (Large),0.4938
B07T5928HY,"Compression Socks for Women & Men-Best Running, Nurse,Athletic Sports, Flight Travel - 15-20mmHg(Large/X-Large, Assorted 2)",ACTINPUT,Sports & Outdoors,$0,0,$9.99,N.A.,N.A.,"307,697",20,66,1,ACTINPUT SOCKS,4.3,N.A.,,
B07B7KKZZZ,"Compression Socks for Women & Men-Best Running, Nurse,Athletic Sports, Flight Travel - 15-20mmHg(Large/X-Large, Nude)",ACTINPUT,Sports & Outdoors,$719.4,60,$11.99,$4.99,7,"80,946",151,46,1,ACTINPUT SOCKS,4.5,"""1"" x ""1"" x ""1""",Standard (Large),0.11
B07B7KYC86,"Compression Socks for Women & Men-Best Running, Nurse,Athletic Sports, Flight Travel - 15-20mmHg(Large/X-Large, White)",ACTINPUT,Sports & Outdoors,$359.7,30,$11.99,$4.99,7,"145,211",151,66,1,ACTINPUT SOCKS,4.5,"""9.37"" x ""6.06"" x ""2.44""",Standard (Large),0.49
B07685T7L6,"Compression Socks for Women & Men-Best Running, Nurse,Athletic Sports, Flight Travel - 15-20mmHg(Small/Medium, Assorted)",ACTINPUT,Health & Household,$359.7,30,$11.99,$4.99,7,"194,642",125,71,1,ACTINPUT SOCKS,4.4,"""2"" x ""2"" x ""2""",Standard (Large),0.11
B07D33FSHH,"Compression Socks for Women & Men-Best Running, Nurse,Athletic Sports, Flight Travel - 15-20mmHg(Small/Medium, Black)",ACTINPUT,Sports & Outdoors,$359.7,30,$11.99,$4.99,7,"99,112",151,66,1,ACTINPUT SOCKS,4.5,"""2.4409"" x ""6.063"" x ""9.3701""",Standard (Large),0.4938
B0768C792F,"Compression Socks for Women & Men-Best Running, Nurse,Athletic Sports, Flight Travel - 15-20mmHg(Small/Medium, Black)",ACTINPUT,Sports & Outdoors,$479.6,40,$11.99,$4.99,7,"140,740",151,46,1,ACTINPUT SOCKS,4.5,"""2"" x ""2"" x ""1""",Standard (Large),0.22
B0768B7PP8,"Compression Socks for Women & Men-Best Running, Nurse,Athletic Sports, Flight Travel - 15-20mmHg(Small/Medium, Black)",ACTINPUT,Health & Household,$359.7,30,$11.99,N.A.,N.A.,"135,649",150,71,1,ACTINPUT SOCKS,4.5,"""2"" x ""2"" x ""2""",,0
B07B7KW8Y3,"Compression Socks for Women & Men-Best Running, Nurse,Athletic Sports, Flight Travel - 15-20mmHg(Small/Medium, White)",ACTINPUT,Sports & Outdoors,$539.55,45,$11.99,$4.99,7,"80,946",151,66,1,ACTINPUT SOCKS,4.5,"""1"" x ""1"" x ""1""",Standard (Large),0.11
B07F2BXYP4,"Compression Socks for Women and Men - Best Medical for Running, Athletic, Varicose Veins, Travel",ACTINPUT,Sports & Outdoors,$3475.65,435,$7.99,$4.39,3.6,"11,812",861,62,1,ACTINPUT SOCKS,4.5,"""1.2"" x ""3.78"" x ""7.17""",Standard (Large),0.0904
B07DWM8B2Q,"Compression Socks for Women and Men - Best Medical for Running, Athletic, Varicose Veins, Travel",ACTINPUT,Sports & Outdoors,$2319.3,270,$8.59,$4.48,4.11,"18,540",871,62,1,ACTINPUT SOCKS,4.5,"""1.2"" x ""3.78"" x ""7.17""",Standard (Large),0.0904
B07VWFD37S,"Compression Socks for Women and Men - Best Medical for Running, Athletic, Varicose Veins, Travel",ACTINPUT,Sports & Outdoors,$3350.1,390,$8.59,$4.48,4.11,"13,422",871,62,1,ACTINPUT SOCKS,4.5,"""3"" x ""6"" x ""9.5""",Standard (Large),0.7496
B07WNQDXYH,"Compression Socks for Women and Men - Best Medical for Running, Athletic, Varicose Veins, Travel",ACTINPUT,Sports & Outdoors,$2834.7,330,$8.59,$4.48,4.11,"15,082",871,62,1,,4.5,"""3"" x ""6"" x ""9.5""",Standard (Large),0.7496
B07DN6986F,"Compression Socks for Women and Men - Best Medical for Running, Athletic, Varicose Veins, Travel",ACTINPUT,Sports & Outdoors,$1666.46,194,$8.59,$4.48,4.11,"24,246",876,62,1,ACTINPUT SOCKS,4.5,"""1.2"" x ""3.78"" x ""7.17""",Standard (Large),0.0904
B078569XSW,"Compression Socks for Women and Men - Best Medical for Running, Athletic, Varicose Veins, Travel",ACTINPUT,Sports & Outdoors,$1632.1,190,$8.59,$4.48,4.11,"24,246",876,62,1,ACTINPUT SOCKS,4.5,"""10.67"" x ""5.59"" x ""3.03""",Standard (Large),0.61
B07W7HTKYW,"Compression Socks for Women and Men - Best Medical for Running, Athletic, Varicose Veins, Travel",ACTINPUT,Sports & Outdoors,$3221.25,375,$8.59,$4.48,4.11,"14,441",873,62,1,ACTINPUT SOCKS,4.5,"""3"" x ""6"" x ""9.5""",Standard (Large),0.7496
B07X3BBKKC,"Compression Socks for Women and Men - Best Medical for Running, Athletic, Varicose Veins, Travel",ACTINPUT,Sports & Outdoors,$3350.1,390,$8.59,$4.48,4.11,"13,337",871,62,1,ACTINPUT SOCKS,4.5,"""3"" x ""6"" x ""9.5""",Standard (Large),0.7496
B07GDBR4QF,"Compression Socks for Women and Men - Best Medical for Running, Athletic, Varicose Veins, Travel",ACTINPUT,Sports & Outdoors,$2636.7,330,$7.99,$4.39,3.6,"15,580",861,62,1,ACTINPUT SOCKS,4.5,"""1.1024"" x ""4.8031"" x ""9.4882""",Standard (Large),0.5004
B07F2817ZZ,"Compression Socks for Women and Men - Best Medical for Running, Athletic, Varicose Veins, Travel",ACTINPUT,Sports & Outdoors,$3350.1,390,$8.59,$4.48,4.11,"13,337",871,62,1,ACTINPUT SOCKS,4.5,"""1.2"" x ""3.78"" x ""7.17""",Standard (Large),0.0904
B07Q2Q3QZK,"Compression Socks for Women and Men - Best Medical for Running, Athletic, Varicose Veins, Travel",ACTINPUT,Sports & Outdoors,$2061.6,240,$8.59,$4.48,4.11,"21,558",874,62,1,ACTINPUT SOCKS,4.5,"""3"" x ""6"" x ""9.5""",Standard (Large),0.7496
B07SVX1BYD,"Compression Socks for Women and Men - Best Medical for Running, Athletic, Varicose Veins, Travel",ACTINPUT,Sports & Outdoors,$2061.6,240,$8.59,N.A.,N.A.,"22,047",876,62,1,ACTINPUT SOCKS,4.5,N.A.,,
B07X1VNHGK,"Compression Socks for Women and Men - Best Medical for Running, Athletic, Varicose Veins, Travel",ACTINPUT,Sports & Outdoors,$2448.15,285,$8.59,$4.48,4.11,"11,254",873,62,1,ACTINPUT SOCKS,4.5,"""3"" x ""6"" x ""9.5""",Standard (Large),0.7496
B07F63PWMD,"Compression Socks for Women and Men - Best Medical for Running, Athletic, Varicose Veins, Travel",ACTINPUT,Sports & Outdoors,$2319.3,270,$8.59,$4.48,4.11,"19,403",876,62,1,ACTINPUT SOCKS,4.5,"""1.2"" x ""3.78"" x ""7.17""",Standard (Large),0.0904
B07X93Y2VT,"Compression Socks for Women and Men - Best Medical for Running, Athletic, Varicose Veins, Travel",ACTINPUT,Sports & Outdoors,$1803.9,210,$8.59,N.A.,N.A.,"22,940",876,62,1,ACTINPUT SOCKS,4.5,N.A.,,
B07B8M59X3,"Compression Socks for Women and Men - Best Medical for Running, Athletic, Varicose Veins, Travel",ACTINPUT,Sports & Outdoors,$2061.6,240,$8.59,$4.48,4.11,"21,586",874,62,1,ACTINPUT SOCKS,4.5,"""1"" x ""1"" x ""1""",Standard (Large),0.11
B077W8P9CG,"Compression Socks for Women and Men - Best Medical for Running, Athletic, Varicose Veins, Travel",ACTINPUT,Sports & Outdoors,$1803.9,210,$8.59,$4.48,4.11,"21,558",874,62,1,ACTINPUT SOCKS,4.5,"""2"" x ""2"" x ""2""",Standard (Large),0.11
B0787QWDR5,"Compression Socks for Women and Men - Best Medical for Running, Athletic, Varicose Veins, Travel",ACTINPUT,Sports & Outdoors,$2319.3,270,$8.59,$4.48,4.11,"19,403",876,62,1,ACTINPUT SOCKS,4.5,"""2"" x ""2"" x ""1""",Standard (Large),0.11
B07SRRHVQY,"Compression Socks for Women and Men - Best Medical for Running, Athletic, Varicose Veins, Travel",ACTINPUT,Sports & Outdoors,$2061.6,240,$8.59,$4.48,4.11,"20,553",876,62,1,ACTINPUT SOCKS,4.5,"""2.4409"" x ""6.063"" x ""9.3701""",Standard (Large),0.4938
B07MGZPVB7,"Compression Socks for Women and Men - Best Medical for Running, Athletic, Varicose Veins, Travel",ACTINPUT,Sports & Outdoors,$2448.15,285,$8.59,$4.48,4.11,"13,017",873,62,1,ACTINPUT SOCKS,4.5,"""1.2"" x ""3.78"" x ""7.17""",Standard (Large),0.0904
B07RZQB4N3,"Compression Socks for Women and Men - Best Medical for Running, Athletic, Varicose Veins, Travel",ACTINPUT,Sports & Outdoors,$2705.85,315,$8.59,$4.48,4.11,"10,758",864,62,1,ACTINPUT SOCKS,4.5,"""3"" x ""6"" x ""9.5""",Standard (Large),0.7496
B0787N8PC9,"Compression Socks for Women and Men - Best Medical for Running, Athletic, Varicose Veins, Travel",ACTINPUT,Sports & Outdoors,$2834.7,330,$8.59,$4.48,4.11,"15,082",871,62,1,ACTINPUT SOCKS,4.5,"""2"" x ""2"" x ""2""",Standard (Large),0.11
B0752F71RN,"Compression Socks for Women and Men - Best Medical for Running, Athletic, Varicose Veins, Travel",ACTINPUT,Sports & Outdoors,$1803.9,210,$8.59,$3.7,4.89,"18,797",874,62,1,ACTINPUT SOCKS,4.5,"""2.01"" x ""0.98"" x ""0.2""",Standard (Small),0.01
B07RJWWDP4,"Compression Socks for Women and Men - Best Medical for Running, Athletic, Varicose Veins, Travel",ACTINPUT,Sports & Outdoors,$1803.9,210,$8.59,$4.48,4.11,"22,940",876,62,1,ACTINPUT SOCKS,4.5,"""3"" x ""6"" x ""9.5""",Standard (Large),0.7496
B07TXXWT55,"Compression Socks for Women and Men - Best Medical for Running, Athletic, Varicose Veins, Travel",ACTINPUT,Sports & Outdoors,$2756.55,345,$7.99,$4.39,3.6,"15,027",860,62,1,ACTINPUT SOCKS,4.5,"""3"" x ""6"" x ""9.5""",Standard (Large),0.7496
B07W1PQXXL,"Compression Socks for Women and Men - Best Medical for Running, Athletic, Varicose Veins, Travel",ACTINPUT,Sports & Outdoors,$2662.9,310,$8.59,$4.48,4.11,"11,254",873,62,1,ACTINPUT SOCKS,4.5,"""3"" x ""6"" x ""9.5""",Standard (Large),0.7496
B07DWNWB7F,"Compression Socks for Women and Men - Best Medical for Running, Athletic, Varicose Veins, Travel",ACTINPUT,Sports & Outdoors,$3350.1,390,$8.59,$4.48,4.11,"13,337",871,62,1,ACTINPUT SOCKS,4.5,"""1.2"" x ""3.78"" x ""7.17""",Standard (Large),0.0904
B075J8PYNT,"Compression Socks for Women and Men - Best Medical for Running, Athletic, Varicose Veins, Travel",ACTINPUT,Sports & Outdoors,$3350.1,390,$8.59,N.A.,N.A.,"13,337",871,62,1,ACTINPUT SOCKS,4.5,"""2.5"" x ""2"" x ""2""",,
B07PDJNCWT,"Compression Socks for Women and Men - Best Medical for Running, Athletic, Varicose Veins, Travel",ACTINPUT,Sports & Outdoors,$3350.1,390,$8.59,$4.48,4.11,"13,337",871,62,1,ACTINPUT SOCKS,4.5,"""3"" x ""6"" x ""9.5""",Standard (Large),0.7496
B075J8RLJF,"Compression Socks for Women and Men - Best Medical for Running, Athletic, Varicose Veins, Travel",ACTINPUT,Sports & Outdoors,$2061.6,240,$8.59,$4.48,4.11,"20,553",876,62,1,ACTINPUT SOCKS,4.5,"""7.2"" x ""3.82"" x ""1.18""",Standard (Large),0.2
B07RZS3JW3,"Compression Socks for Women and Men - Best Medical for Running, Athletic, Varicose Veins, Travel",ACTINPUT,Sports & Outdoors,$2319.3,270,$8.59,$4.48,4.11,"21,586",874,62,1,ACTINPUT SOCKS,4.5,"""3"" x ""6"" x ""9.5""",Standard (Large),0.7496
B07WSM3G2H,"Compression Socks for Women and Men - Best Medical for Running, Athletic, Varicose Veins, Travel",ACTINPUT,Sports & Outdoors,$3221.25,375,$8.59,$4.48,4.11,"13,422",871,62,1,ACTINPUT SOCKS,4.5,"""3"" x ""6"" x ""9.5""",Standard (Large),0.7496
B07RXH28KW,"Compression Socks for Women and Men - Best Medical for Running, Athletic, Varicose Veins, Travel",ACTINPUT,Sports & Outdoors,$1546.2,180,$8.59,$4.48,4.11,"24,803",876,62,1,ACTINPUT SOCKS,4.5,"""3"" x ""6"" x ""9.5""",Standard (Large),0.7496
B07B8N8923,"Compression Socks for Women and Men - Best Medical for Running, Athletic, Varicose Veins, Travel",ACTINPUT,Sports & Outdoors,$2319.3,270,$8.59,$4.48,4.11,"19,403",876,62,1,ACTINPUT SOCKS,4.5,"""1"" x ""1"" x ""1""",Standard (Large),0.11
B07F1T9HL1,"Compression Socks for Women and Men - Best Medical for Running, Athletic, Varicose Veins, Travel",ACTINPUT,Sports & Outdoors,$2061.6,240,$8.59,$4.48,4.11,"20,826",876,62,1,ACTINPUT SOCKS,4.5,"""7.17"" x ""3.78"" x ""1.2""",Standard (Large),0.09
B082M2GRQH,"Compression Socks for Women and Men - Best Medical for Running, Athletic, Varicose Veins, Travel",ACTINPUT,Sports & Outdoors,$1932.75,225,$8.59,$4.48,4.11,"21,558",874,62,1,ACTINPUT SOCKS,4.5,"""1.2"" x ""3.78"" x ""7.17""",Standard (Large),0.0904
B07F1PTNJP,"Compression Socks for Women and Men - Best Medical for Running, Athletic, Varicose Veins, Travel",ACTINPUT,Sports & Outdoors,$2319.3,270,$8.59,$4.48,4.11,"18,797",874,62,1,ACTINPUT SOCKS,4.5,"""1.2"" x ""3.78"" x ""7.17""",Standard (Large),0.0904
B07DLLGMK2,"Compression Socks for Women and Men - Best Medical for Running, Athletic, Varicose Veins, Travel",ACTINPUT,Sports & Outdoors,$2061.6,240,$8.59,$4.48,4.11,"19,590",874,62,1,ACTINPUT SOCKS,4.5,"""1.2"" x ""3.78"" x ""7.17""",Standard (Large),0.0904
B0787SST2N,"Compression Socks For Women Men 20-25mmHg-Best Medical, Nursing, Travel & Flight Socks",ACTINPUT,"Clothing, Shoes & Jewelry",$101349.3,5070,$19.99,$6.19,13.8,"1,338",469,65,1,LIFORTUNE,4.5,"""2"" x ""2"" x ""1""",Standard (Large),0.11
B07DN773LY,"Compression Socks for Women&Men (20-30mmHg)- Best for Running, Travel,Cycling,Pregnant,Nurse, Edema",ACTINPUT,"Clothing, Shoes & Jewelry",$10786.5,1350,$7.99,$4.39,3.6,"14,123",757,69,1,ACTINPUT SOCKS,4.5,"""1.2"" x ""3.78"" x ""7.17""",Standard (Large),0.0904
B07MVXN5ZM,"Compression Socks Plantar Fasciitis for Women Men (3/5/7 Pack), 8-15 mmhg Athletic Sock Arch Support Flight Travel Nurses",ACTINPUT,Sports & Outdoors,$15428.7,930,$16.59,$5.68,10.91,"6,675",1362,68,1,Gofriendly,4.3,"""2.4"" x ""6.95"" x ""10.95""",Standard (Large),0.3395
B07RK7FBWY,"Compression Socks Plantar Fasciitis for Women Men (3/5/7 Pack), 8-15 mmhg Athletic Sock Arch Support Flight Travel Nurses",ACTINPUT,Sports & Outdoors,$15926.4,960,$16.59,$5.68,10.91,"4,863",1285,69,1,Gofriendly,4.3,"""2.5197"" x ""6.6142"" x ""9.685""",Standard (Large),0.4497
B07RT1B6GN,"Compression Socks Plantar Fasciitis for Women Men (3/5/7 Pack), 8-15 mmhg Athletic Sock Arch Support Flight Travel Nurses",ACTINPUT,Sports & Outdoors,$15926.4,960,$16.59,N.A.,N.A.,"4,854",1280,69,1,Gofriendly,4.3,"""1.7"" x ""4.6"" x ""8.1""",,0.2491
B07PQY91P4,"Compression Socks Plantar Fasciitis for Women Men (3/5/7 Pack), 8-15 mmhg Athletic Sock Arch Support Flight Travel Nurses",ACTINPUT,Sports & Outdoors,$14931,900,$16.59,$5.68,10.91,"6,529",1361,53,1,Gofriendly,4.3,"""2.55"" x ""9.9"" x ""11.35""",Standard (Large),0.8003
B07CLF685J,"Compression Socks Plantar Fasciitis for Women Men (3/5/7 Pack), 8-15 mmhg Athletic Sock Arch Support Flight Travel Nurses",ACTINPUT,Sports & Outdoors,$16921.8,1020,$16.59,$5.68,10.91,"4,645",1280,69,1,Gofriendly,4.3,"""2.9134"" x ""5.315"" x ""7.0866""",Standard (Large),0.5997
B07C4KYVCH,"Compression Socks Plantar Fasciitis for Women Men (3/5/7 Pack), 8-15 mmhg Athletic Sock Arch Support Flight Travel Nurses",ACTINPUT,"Clothing, Shoes & Jewelry",$31272.15,1885,$16.59,$5.68,10.91,"14,848",944,53,1,Gofriendly,4.3,"""2.0079"" x ""10.8661"" x ""12.5984""",Standard (Large),0.6768
B01LY73WKP,"Compression Socks Plantar Fasciitis for Women Men (3/5/7 Pack), 8-15 mmhg Athletic Sock Arch Support Flight Travel Nurses",ACTINPUT,Sports & Outdoors,$13935.6,840,$16.59,$5.68,10.91,"5,685",1362,48,1,Gofriendly,4.3,"""8.2"" x ""4.6"" x ""1.7""",Standard (Large),0.25
B07JQNN8XH,"Compression Socks Plantar Fasciitis for Women Men (3/5/7 Pack), 8-15 mmhg Athletic Sock Arch Support Flight Travel Nurses",ACTINPUT,Sports & Outdoors,$16921.8,1020,$16.59,N.A.,N.A.,"4,654",1285,69,1,Gofriendly,4.3,"""2.6"" x ""5"" x ""11.4""",,0.5004
B07D75W4J5,"Compression Socks Plantar Fasciitis for Women Men (3/5/7 Pack), 8-15 mmhg Athletic Sock Arch Support Flight Travel Nurses",ACTINPUT,Sports & Outdoors,$19908,1200,$16.59,$5.68,10.91,"3,773",1351,48,1,Gofriendly,4.4,"""2.0079"" x ""10.8661"" x ""12.5984""",Standard (Large),0.6768
B07VNCCXL5,"Compression Socks Plantar Fasciitis for Women Men (3/5/7 Pack), 8-15 mmhg Athletic Sock Arch Support Flight Travel Nurses",ACTINPUT,Sports & Outdoors,$14184.45,855,$16.59,$5.68,10.91,"4,732",1360,68,1,Gofriendly,4.4,"""1.8976"" x ""9.4961"" x ""11.0984""",Standard (Large),0.679
B07D7MXC3Y,"Compression Socks Plantar Fasciitis for Women Men (3/5/7 Pack), 8-15 mmhg Athletic Sock Arch Support Flight Travel Nurses",ACTINPUT,Sports & Outdoors,$18166.05,1095,$16.59,$4.9,11.69,"5,228",1285,69,1,Gofriendly,4.3,"""0.6"" x ""6"" x ""10.5""",Standard (Small),0.0507
B07CXJF7KT,"Compression Socks Plantar Fasciitis for Women Men (3/5/7 Pack), 8-15 mmhg Athletic Sock Arch Support Flight Travel Nurses",ACTINPUT,Sports & Outdoors,$16590,1000,$16.59,$5.68,10.91,"5,577",1362,68,1,Gofriendly,4.3,"""1.6"" x ""9"" x ""12""",Standard (Large),0.5997
B07MVYBGRY,"Compression Socks Plantar Fasciitis for Women Men (3/5/7 Pack), 8-15 mmhg Athletic Sock Arch Support Flight Travel Nurses",ACTINPUT,Sports & Outdoors,$17419.5,1050,$16.59,$5.68,10.91,"4,883",1361,53,1,Gofriendly,4.3,"""2.1"" x ""7.1"" x ""10.8""",Standard (Large),0.3307
B07CXM49SX,"Compression Socks Plantar Fasciitis for Women Men (3/5/7 Pack), 8-15 mmhg Athletic Sock Arch Support Flight Travel Nurses",ACTINPUT,Sports & Outdoors,$15926.4,960,$16.59,$5.68,10.91,"4,854",1280,69,1,Gofriendly,4.3,"""2.6772"" x ""9.8031"" x ""11.7323""",Standard (Large),0.6305
B07VK6MPJ7,"Compression Socks Plantar Fasciitis for Women Men (3/5/7 Pack), 8-15 mmhg Athletic Sock Arch Support Flight Travel Nurses",ACTINPUT,Sports & Outdoors,$7465.5,450,$16.59,$5.68,10.91,"5,247",1355,68,1,Gofriendly,4.4,"""2.5197"" x ""6.6142"" x ""9.685""",Standard (Large),0.4497
B06XBPW11Y,"Compression Socks Plantar Fasciitis for Women Men (3/5/7 Pack), 8-15 mmhg Athletic Sock Arch Support Flight Travel Nurses",ACTINPUT,"Clothing, Shoes & Jewelry",$23889.6,1440,$16.59,$5.68,10.91,"12,891",943,69,1,Gofriendly,4.3,"""7.99"" x ""4.88"" x ""4.02""",Standard (Large),0.9
B06XKRFY8B,"Compression Socks Plantar Fasciitis for Women Men (3/5/7 Pack), 8-15 mmhg Athletic Sock Arch Support Flight Travel Nurses",ACTINPUT,Sports & Outdoors,$14433.3,870,$16.59,$5.68,10.91,"5,935",1362,48,1,Gofriendly,4.3,"""11.1"" x ""7.72"" x ""2.2""",Standard (Large),0.95
B06XKX8PCF,"Compression Socks Plantar Fasciitis for Women Men (3/5/7 Pack), 8-15 mmhg Athletic Sock Arch Support Flight Travel Nurses",ACTINPUT,"Clothing, Shoes & Jewelry",$23955.9,1410,$16.99,$5.74,11.25,"13,351",943,70,1,Gofriendly,4.3,"""11.1"" x ""7.72"" x ""2.2""",Standard (Large),0.95
B06XNKCF3H,"Compression Socks Plantar Fasciitis for Women Men (3/5/7 Pack), 8-15 mmhg Athletic Sock Arch Support Flight Travel Nurses",ACTINPUT,Sports & Outdoors,$13935.6,840,$16.59,$5.68,10.91,"5,685",1362,68,1,Gofriendly,4.3,"""11.1"" x ""7.72"" x ""2.2""",Standard (Large),0.95
B07SM34ZKP,"Compression Socks Plantar Fasciitis for Women Men (3/5/7 Pack), 8-15 mmhg Athletic Sock Arch Support Flight Travel Nurses",ACTINPUT,Sports & Outdoors,$16672.95,1005,$16.59,$5.68,10.91,"4,883",1361,68,1,Gofriendly,4.3,"""1.7"" x ""4.6"" x ""8.1""",Standard (Large),0.2491
B07DN58BKK,"Compression Socks Plantar Fasciitis for Women Men (3/5/7 Pack), 8-15 mmhg Athletic Sock Arch Support Flight Travel Nurses",ACTINPUT,Sports & Outdoors,$15179.85,915,$16.59,$5.68,10.91,"6,085",1361,68,1,Gofriendly,4.3,"""2.2047"" x ""7.7165"" x ""11.1024""",Standard (Large),0.9502
B071WVXKZ9,"Compression Socks Plantar Fasciitis for Women Men (3/5/7 Pack), 8-15 mmhg Athletic Sock Arch Support Flight Travel Nurses",ACTINPUT,Sports & Outdoors,$13437.9,810,$16.59,$4.9,11.69,"6,127",1361,70,1,Gofriendly,4.3,"""6.5"" x ""4.02"" x ""0.2""",Standard (Small),0.04
B071QZVQM4,"Compression Socks Plantar Fasciitis for Women Men (3/5/7 Pack), 8-15 mmhg Athletic Sock Arch Support Flight Travel Nurses",ACTINPUT,"Clothing, Shoes & Jewelry",$25994.7,1530,$16.99,$4.96,12.03,"11,784",932,53,1,Gofriendly,4.3,"""7.09"" x ""3.31"" x ""0.39""",Standard (Small),0.05
B07T9BK28K,"Compression Socks Plantar Fasciitis for Women Men (3/5/7 Pack), 8-15 mmhg Athletic Sock Arch Support Flight Travel Nurses",ACTINPUT,Sports & Outdoors,$15926.4,960,$16.59,$5.68,10.91,"4,863",1285,49,1,Gofriendly,4.3,"""2.1"" x ""6.7"" x ""8.6""",Standard (Large),0.7893
B07SM3NJMP,"Compression Socks Plantar Fasciitis for Women Men (3/5/7 Pack), 8-15 mmhg Athletic Sock Arch Support Flight Travel Nurses",ACTINPUT,Sports & Outdoors,$14433.3,870,$16.59,N.A.,N.A.,"6,344",1362,68,1,Gofriendly,4.3,N.A.,,
B074628WSN,"Compression Socks Plantar Fasciitis for Women Men (3/5/7 Pack), 8-15 mmhg Athletic Sock Arch Support Flight Travel Nurses",ACTINPUT,"Clothing, Shoes & Jewelry",$28037.1,1690,$16.59,$5.68,10.91,"14,848",944,71,1,Gofriendly,4.3,"""9.69"" x ""6.61"" x ""2.52""",Standard (Large),0.45
B0745WDVYM,"Compression Socks Plantar Fasciitis for Women Men (3/5/7 Pack), 8-15 mmhg Athletic Sock Arch Support Flight Travel Nurses",ACTINPUT,Sports & Outdoors,$23889.6,1440,$16.59,$5.68,10.91,"5,247",1355,48,1,Gofriendly,4.4,"""9.69"" x ""6.61"" x ""2.52""",Standard (Large),0.45
B07C4Q6K1C,"Compression Socks Plantar Fasciitis for Women Men (3/5/7 Pack), 8-15 mmhg Athletic Sock Arch Support Flight Travel Nurses",ACTINPUT,Sports & Outdoors,$15782.85,1215,$12.99,$5.14,7.85,"3,731",1279,47,1,Gofriendly,4.4,"""12.6"" x ""10.87"" x ""2.01""",Standard (Large),0.68
B07C9FCZQM,"Compression Socks Plantar Fasciitis for Women Men (3/5/7 Pack), 8-15 mmhg Athletic Sock Arch Support Flight Travel Nurses",ACTINPUT,Sports & Outdoors,$15926.4,960,$16.59,$5.68,10.91,"4,863",1285,49,1,Gofriendly,4.3,"""11.42"" x ""9.72"" x ""2.68""",Standard (Large),0.84
B07VPD2BT9,"Compression Socks Plantar Fasciitis for Women Men (3/5/7 Pack), 8-15 mmhg Athletic Sock Arch Support Flight Travel Nurses",ACTINPUT,Sports & Outdoors,$11198.25,675,$16.59,$5.68,10.91,"6,127",1361,68,1,Gofriendly,4.3,"""2.5197"" x ""6.6142"" x ""9.685""",Standard (Large),0.4497
B07VMCH8DQ,"Compression Socks Plantar Fasciitis for Women Men (3/5/7 Pack), 8-15 mmhg Athletic Sock Arch Support Flight Travel Nurses",ACTINPUT,Sports & Outdoors,$10700.55,645,$16.59,$5.68,10.91,"5,892",1362,68,1,Gofriendly,4.3,"""2.5197"" x ""6.6142"" x ""9.685""",Standard (Large),0.4497
B07JQX3H9X,"Compression Socks Plantar Fasciitis for Women Men (3/5/7 Pack), 8-15 mmhg Athletic Sock Arch Support Flight Travel Nurses",ACTINPUT,Sports & Outdoors,$16921.8,1020,$16.59,N.A.,N.A.,"4,532",1280,69,1,Gofriendly,4.3,"""2.8"" x ""6.4"" x ""9.8""",,0.6504
B07G92KGXQ,"Compression Socks Plantar Fasciitis for Women Men (3/5/7 Pack), 8-15 mmhg Athletic Sock Arch Support Flight Travel Nurses",ACTINPUT,Sports & Outdoors,$17668.35,1065,$16.59,N.A.,N.A.,"4,394",1348,68,1,Gofriendly,4.4,N.A.,,
B07JR2P9ZH,"Compression Socks Plantar Fasciitis for Women Men (3/5/7 Pack), 8-15 mmhg Athletic Sock Arch Support Flight Travel Nurses",ACTINPUT,Sports & Outdoors,$13836.06,834,$16.59,$5.68,10.91,"6,639",1362,68,1,Gofriendly,4.3,"""2.8"" x ""6"" x ""9.65""",Standard (Large),0.5997
B07DXK463Q,"Compression Socks Plantar Fasciitis for Women Men (3/5/7 Pack), 8-15 mmhg Athletic Sock Arch Support Flight Travel Nurses",ACTINPUT,Sports & Outdoors,$15428.7,930,$16.59,$5.68,10.91,"5,068",1280,69,1,Gofriendly,4.3,"""2.2047"" x ""7.7165"" x ""11.1024""",Standard (Large),0.9502
B07Q2HBH6Q,"Compression Socks Plantar Fasciitis for Women Men (3/5/7 Pack), 8-15 mmhg Athletic Sock Arch Support Flight Travel Nurses",ACTINPUT,Sports & Outdoors,$16921.8,1020,$16.59,$5.68,10.91,"4,552",1280,69,1,Gofriendly,4.3,"""3.2"" x ""4.7"" x ""7.5""",Standard (Large),0.7011
B07RRXW985,"Compression Socks Plantar Fasciitis for Women Men (3/5/7 Pack), 8-15 mmhg Athletic Sock Arch Support Flight Travel Nurses",ACTINPUT,Sports & Outdoors,$15428.7,930,$16.59,$5.68,10.91,"5,068",1280,69,1,Gofriendly,4.3,"""2.5197"" x ""6.6142"" x ""9.685""",Standard (Large),0.4497
B0745YL5WC,"Compression Socks Plantar Fasciitis for Women Men (3/5/7 Pack), 8-15 mmhg Athletic Sock Arch Support Flight Travel Nurses",ACTINPUT,Sports & Outdoors,$17419.5,1050,$16.59,$5.68,10.91,"4,502",1280,49,1,Gofriendly,4.3,"""9.69"" x ""6.61"" x ""2.52""",Standard (Large),0.45
B074P5X274,"Compression Socks Plantar Fasciitis for Women Men (3/5/7 Pack), 8-15 mmhg Athletic Sock Arch Support Flight Travel Nurses",ACTINPUT,Sports & Outdoors,$14931,900,$16.59,$4.9,11.69,"5,228",1285,69,1,Gofriendly,4.3,"""7.13"" x ""4.69"" x ""0.51""",Standard (Small),0.15
B07D9FLLHZ,"Compression Socks Plantar Fasciitis for Women Men (3/5/7 Pack), 8-15 mmhg Athletic Sock Arch Support Flight Travel Nurses",ACTINPUT,Sports & Outdoors,$15926.4,960,$16.59,$5.68,10.91,"4,863",1285,49,1,Gofriendly,4.3,"""2.0079"" x ""10.8661"" x ""12.5984""",Standard (Large),0.6768
B06XKRFXZL,"Compression Socks Plantar Fasciitis for Women Men (3/5/7 Pack), 8-15 mmhg Athletic Sock Arch Support Flight Travel Nurses",ACTINPUT,Sports & Outdoors,$11198.25,675,$16.59,$5.68,10.91,"5,892",1362,68,1,Gofriendly,4.3,"""11.1"" x ""7.72"" x ""2.2""",Standard (Large),0.95
B07SM4FQYW,"Compression Socks Plantar Fasciitis for Women Men (3/5/7 Pack), 8-15 mmhg Athletic Sock Arch Support Flight Travel Nurses",ACTINPUT,Sports & Outdoors,$15428.7,930,$16.59,$5.68,10.91,"5,199",1285,69,1,Gofriendly,4.3,"""1.7"" x ""4.6"" x ""8.1""",Standard (Large),0.2491
B07VNCCTYT,"Compression Socks Plantar Fasciitis for Women Men (3/5/7 Pack), 8-15 mmhg Athletic Sock Arch Support Flight Travel Nurses",ACTINPUT,Sports & Outdoors,$12442.5,750,$16.59,N.A.,N.A.,"6,675",1362,68,1,Gofriendly,4.3,N.A.,,
B07SP8V27Q,"Compression Socks Plantar Fasciitis for Women Men (3/5/7 Pack), 8-15 mmhg Athletic Sock Arch Support Flight Travel Nurses",ACTINPUT,Sports & Outdoors,$12442.5,750,$16.59,$5.68,10.91,"6,529",1361,68,1,Gofriendly,4.3,"""2.1"" x ""10.2"" x ""11.5""",Standard (Large),0.7011
B0794M7DSQ,"Compression Socks Plantar Fasciitis for Women Men (3/5/7 Pack), 8-15 mmhg Athletic Sock Arch Support Flight Travel Nurses",ACTINPUT,Sports & Outdoors,$13935.6,840,$16.59,$5.68,10.91,"5,685",1362,68,1,Gofriendly,4.3,"""7.09"" x ""5.31"" x ""2.91""",Standard (Large),0.6
B07DCJLGNR,"Compression Socks Women & Men - Best for Running,Medical,Athletic Sports,Flight Travel, Pregnancy",ACTINPUT,Sports & Outdoors,$2452.93,307,$7.99,$4.39,3.6,"66,023",346,65,1,ACTINPUT SOCKS,4.4,"""7.2"" x ""3.82"" x ""1.18""",Standard (Large),0.2
B07XM6NX8G,"Compression Socks Women & Men - Best for Running,Medical,Athletic Sports,Flight Travel, Pregnancy",ACTINPUT,Sports & Outdoors,$1288.5,150,$8.59,$3.7,4.89,"31,582",349,65,1,ACTINPUT SOCKS,4.4,"""0.7"" x ""6.45"" x ""10.5""",Standard (Small),0.0992
B07GGS9R3L,"Compression Socks Women & Men - Best for Running,Medical,Athletic Sports,Flight Travel, Pregnancy",ACTINPUT,Sports & Outdoors,$6375.6,840,$7.59,$4.33,3.26,"5,789",146,70,1,ACTINPUT SOCKS,4.6,"""2.4409"" x ""6.063"" x ""9.3701""",Standard (Large),0.4938
B07WR1GF9H,"Compression Socks Women & Men - Best for Running,Medical,Athletic Sports,Flight Travel, Pregnancy",ACTINPUT,Sports & Outdoors,$719.1,90,$7.99,N.A.,N.A.,"47,842",350,65,1,ACTINPUT SOCKS,4.4,"""0.9"" x ""5.5"" x ""9.5""",,0.2006
B07WSM8VWJ,"Compression Socks Women & Men - Best for Running,Medical,Athletic Sports,Flight Travel, Pregnancy",ACTINPUT,Sports & Outdoors,$3235.95,405,$7.99,$4.39,3.6,"87,832",349,65,1,ACTINPUT SOCKS,4.4,"""0.9"" x ""5.1"" x ""8""",Standard (Large),0.2006
B07WFBY7J9,"Compression Socks Women & Men - Best for Running,Medical,Athletic Sports,Flight Travel, Pregnancy",ACTINPUT,Sports & Outdoors,$479.4,60,$7.99,$3.61,4.38,"74,063",346,65,1,ACTINPUT SOCKS,4.4,"""0.7"" x ""6.45"" x ""10.5""",Standard (Small),0.0992
B07D2Y8Y7T,"Compression Socks Women & Men - Best for Running,Medical,Athletic Sports,Flight Travel, Pregnancy",ACTINPUT,Sports & Outdoors,$479.4,60,$7.99,$4.39,3.6,"62,589",346,65,1,ACTINPUT SOCKS,4.4,"""2.4409"" x ""6.063"" x ""9.3701""",Standard (Large),0.4938
B07MQR2N3Y,"Compression Socks Women & Men - Best for Running,Medical,Athletic Sports,Flight Travel, Pregnancy",ACTINPUT,Sports & Outdoors,$1318.35,165,$7.99,N.A.,N.A.,"45,999",349,45,1,ACTINPUT SOCKS,4.4,"""1.7"" x ""5.3"" x ""6.6""",,0.2006
B07MGF5SZZ,"Compression Socks Women & Men - Best for Running,Medical,Athletic Sports,Flight Travel, Pregnancy",ACTINPUT,Sports & Outdoors,$479.4,60,$7.99,N.A.,N.A.,"75,116",350,65,1,ACTINPUT SOCKS,4.4,N.A.,,
B07DW823S2,"Compression Socks Women & Men - Best for Running,Medical,Athletic Sports,Flight Travel, Pregnancy",ACTINPUT,Sports & Outdoors,$4326.3,570,$7.59,$4.33,3.26,"8,984",147,65,1,ACTINPUT SOCKS,4.6,"""1.2"" x ""3.78"" x ""7.17""",Standard (Large),0.0904
B07WQZGNXX,"Compression Socks Women & Men - Best for Running,Medical,Athletic Sports,Flight Travel, Pregnancy",ACTINPUT,Sports & Outdoors,$719.1,90,$7.99,N.A.,N.A.,"53,180",350,65,1,ACTINPUT SOCKS,4.4,N.A.,,
B07YDD3ZT7,"Compression Socks Women & Men - Best for Running,Medical,Athletic Sports,Flight Travel, Pregnancy",ACTINPUT,Sports & Outdoors,$1917.6,240,$7.99,$3.61,4.38,"109,085",349,65,1,ACTINPUT SOCKS,4.4,"""0.5"" x ""4"" x ""9.5""",Standard (Small),0.2006
B07PQC2VSD,"Compression Socks Women & Men - Best for Running,Medical,Athletic Sports,Flight Travel, Pregnancy",ACTINPUT,Sports & Outdoors,$4194.75,525,$7.99,N.A.,N.A.,"87,832",349,65,1,ACTINPUT SOCKS,4.4,"""1.2"" x ""4.9"" x ""9.7""",,0.2006
B07YJBGF18,"Compression Socks Women & Men - Best for Running,Medical,Athletic Sports,Flight Travel, Pregnancy",ACTINPUT,Sports & Outdoors,$958.8,120,$7.99,$4.39,3.6,"41,560",350,65,1,ACTINPUT SOCKS,4.4,"""1.2205"" x ""6.1417"" x ""10.4724""",Standard (Large),0.2006
B07WWT7QNP,"Compression Socks Women & Men - Best for Running,Medical,Athletic Sports,Flight Travel, Pregnancy",ACTINPUT,Sports & Outdoors,$719.1,90,$7.99,N.A.,N.A.,"53,425",350,65,1,ACTINPUT SOCKS,4.4,N.A.,,
B07WPCFCH6,"Compression Socks Women & Men - Best for Running,Medical,Athletic Sports,Flight Travel, Pregnancy",ACTINPUT,Sports & Outdoors,$1558.05,195,$7.99,$4.39,3.6,"91,677",349,65,1,ACTINPUT SOCKS,4.4,"""1"" x ""6.2"" x ""10.7""",Standard (Large),0.1499
B07H63MTCX,"Compression Socks Women & Men - Best for Running,Medical,Athletic Sports,Flight Travel, Pregnancy",ACTINPUT,Sports & Outdoors,$479.4,60,$7.99,$4.39,3.6,"74,063",346,65,1,ACTINPUT SOCKS,4.4,"""2.4409"" x ""6.063"" x ""9.3701""",Standard (Large),0.4938
B07WWV4NY6,"Compression Socks Women & Men - Best for Running,Medical,Athletic Sports,Flight Travel, Pregnancy",ACTINPUT,Sports & Outdoors,$2476.9,310,$7.99,$3.61,4.38,"35,762",343,65,1,ACTINPUT SOCKS,4.4,"""0.5"" x ""6"" x ""10.45""",Standard (Small),0.2006
B07XXZGBK6,"Compression Socks Women & Men - Best for Running,Medical,Athletic Sports,Flight Travel, Pregnancy",ACTINPUT,Sports & Outdoors,$1318.35,165,$7.99,$4.39,3.6,"67,155",349,65,1,ACTINPUT SOCKS,4.4,"""1.25"" x ""6"" x ""10.5""",Standard (Large),0.2006
B07KPST2B5,"Compression Socks Women & Men - Best for Running,Medical,Athletic Sports,Flight Travel, Pregnancy",ACTINPUT,Sports & Outdoors,$838.95,105,$7.99,N.A.,N.A.,"58,231",346,65,1,ACTINPUT SOCKS,4.4,N.A.,,
B07DCHJ8K6,"Compression Socks Women & Men - Best for Running,Medical,Athletic Sports,Flight Travel, Pregnancy",ACTINPUT,Sports & Outdoors,$1558.05,195,$7.99,$4.39,3.6,"91,677",349,65,1,ACTINPUT SOCKS,4.4,"""1.2"" x ""3.78"" x ""7.17""",Standard (Large),0.0904
B07WS6SYCX,"Compression Socks Women & Men - Best for Running,Medical,Athletic Sports,Flight Travel, Pregnancy",ACTINPUT,Sports & Outdoors,$719.1,90,$7.99,$3.61,4.38,"52,401",350,65,1,ACTINPUT SOCKS,4.4,"""0.2"" x ""3.9"" x ""7.2""",Standard (Small),0.2006
B07PBGVLBF,"Compression Socks Women & Men - Best for Running,Medical,Athletic Sports,Flight Travel, Pregnancy",ACTINPUT,Sports & Outdoors,$719.1,90,$7.99,N.A.,N.A.,"55,757",350,65,1,ACTINPUT SOCKS,4.4,"""0"" x ""0"" x ""0""",,0
B0752BCFFR,"Compression Socks Women & Men - Best for Running,Medical,Athletic Sports,Flight Travel, Pregnancy",ACTINPUT,Sports & Outdoors,$1438.2,180,$7.99,N.A.,N.A.,"82,668",350,65,1,ACTINPUT SOCKS,4.4,"""2"" x ""1"" x ""0.2""",,0
B07WYCZKN1,"Compression Socks Women & Men - Best for Running,Medical,Athletic Sports,Flight Travel, Pregnancy",ACTINPUT,Sports & Outdoors,$958.8,120,$7.99,$4.39,3.6,"35,307",350,65,1,ACTINPUT SOCKS,4.4,"""0.8"" x ""5"" x ""8""",Standard (Large),0.1499
B07WWSFFHQ,"Compression Socks Women & Men - Best for Running,Medical,Athletic Sports,Flight Travel, Pregnancy",ACTINPUT,Sports & Outdoors,$479.4,60,$7.99,N.A.,N.A.,"62,589",346,65,1,ACTINPUT SOCKS,4.4,N.A.,,
B07WV8YNRQ,"Compression Socks Women & Men - Best for Running,Medical,Athletic Sports,Flight Travel, Pregnancy",ACTINPUT,Sports & Outdoors,$479.4,60,$7.99,$3.61,4.38,"58,231",346,65,1,ACTINPUT SOCKS,4.4,"""0.4"" x ""4.3"" x ""9.2""",Standard (Small),0.2006
B07KPRTGX7,"Compression Socks Women & Men - Best for Running,Medical,Athletic Sports,Flight Travel, Pregnancy",ACTINPUT,Sports & Outdoors,$479.4,60,$7.99,N.A.,N.A.,"58,705",349,65,1,ACTINPUT SOCKS,4.4,"""2.4409"" x ""6.063"" x ""9.3701""",,0.4938
B07YDCZ13W,"Compression Socks Women & Men - Best for Running,Medical,Athletic Sports,Flight Travel, Pregnancy",ACTINPUT,Sports & Outdoors,$479.4,60,$7.99,$4.39,3.6,"66,023",346,65,1,ACTINPUT SOCKS,4.4,"""0.9"" x ""3.6"" x ""7.5""",Standard (Large),0.2006
B0752BRH32,"Compression Socks Women & Men - Best for Running,Medical,Athletic Sports,Flight Travel, Pregnancy",ACTINPUT,Sports & Outdoors,$1438.2,180,$7.99,N.A.,N.A.,"50,566",346,65,1,ACTINPUT SOCKS,4.4,"""2"" x ""1"" x ""0.2""",,
B07MCRB5CY,"Compression Socks Women & Men - Best for Running,Medical,Athletic Sports,Flight Travel, Pregnancy",ACTINPUT,Sports & Outdoors,$2516.85,315,$7.99,$4.39,3.6,"109,085",349,65,1,ACTINPUT SOCKS,4.4,"""1.8"" x ""5"" x ""6.5""",Standard (Large),0.2491
B01M05GBAD,"Copper Compression Ankle Running Socks Men Women 3/7 Pack, Performance Cozy Low Cut Cushion Athletic socks Arch Support",ACTINPUT,"Clothing, Shoes & Jewelry",$12533.4,660,$18.99,$6.04,12.95,"32,968",133,69,1,Gofriendly,4.3,"""8.1"" x ""4.6"" x ""1.7""",Standard (Large),0.25
B06Y2GQXHQ,"Copper Compression Ankle Running Socks Men Women 3/7 Pack, Performance Cozy Low Cut Cushion Athletic socks Arch Support",ACTINPUT,"Clothing, Shoes & Jewelry",$5936.7,330,$17.99,$5.89,12.1,"62,422",178,70,1,Gofriendly,4.3,"""6.81"" x ""3.19"" x ""1.3""",Standard (Large),0.15
B083TP4ZQ1,"Copper Compression Socks for Men & Women 20-30 mmHg Medical Graduated Compression Stockings for Nurses Shin Splints Diabetic Sports Running Pregnancy (Black, Large/X-Large)",ACTINPUT,Health & Household,$377.7,30,$12.59,N.A.,N.A.,"146,296",20,68,1,ACTINPUT SOCKS,4.8,N.A.,,
B07M5BY3TY,"Copper Compression Socks for Men & Women 20-30 mmHg Medical Graduated Compression Stockings for Nurses Shin Splints Diabetic Sports Running Pregnancy (Black, Small/Medium)",ACTINPUT,Health & Household,$0,0,$12.99,$5.14,7.85,"221,100",20,68,1,ACTINPUT SOCKS,4.8,"""2.2"" x ""7.5"" x ""12""",Standard (Large),0.851
B07M7G69XC,"Copper Compression Socks for Men & Women 20-30 mmHg Medical Graduated Compression Stockings for Nurses Shin Splints Diabetic Sports Running Pregnancy (Black, Small/Medium)",ACTINPUT,Health & Household,$0,0,$12.99,$5.14,7.85,"280,505",20,68,1,ACTINPUT SOCKS,4.8,"""2"" x ""9.5"" x ""11.5""",Standard (Large),0.7496
B07XNY72VD,"Copper Compression Socks for Men & Women 20-30 mmHg Medical Graduated Compression Stockings for Nurses Shin Splints Diabetic Sports Running Pregnancy (Black, Small/Medium)",ACTINPUT,Health & Household,$0,0,$13.99,$4.51,9.48,"321,940",19,68,1,ACTINPUT SOCKS,4.9,"""0.5984"" x ""4.6969"" x ""12.0984""",Standard (Small),0.1499
B07WGTTMXP,"Copper Compression Socks for Men & Women 20-30 mmHg Medical Graduated Compression Stockings for Nurses Shin Splints Diabetic Sports Running Pregnancy (Blue+Black+Black+Blue,Small/Medium)",ACTINPUT,Health & Household,$0,0,$12.99,N.A.,N.A.,"495,776",20,68,1,ACTINPUT SOCKS,4.8,N.A.,,
B07S9JMQYM,Men's Ankle Athletic Running Socks Sports Performance Best Comfort Cushioned Tab Socks,ACTINPUT,Sports & Outdoors,$0,0,$13.99,$5.29,8.7,"392,102",16,62,1,Yshow Co,4.1,"""2.7559"" x ""9.6457"" x ""10.0394""",Standard (Large),0.7452
B07SCKJD9K,Men's Ankle Athletic Running Socks Sports Performance Best Comfort Cushioned Tab Socks,ACTINPUT,Sports & Outdoors,$0,0,$13.99,N.A.,N.A.,"396,749",15,62,1,Yshow Co,4,"""2.7559"" x ""9.6457"" x ""10.0394""",,0.7452
B07RJPJNJ5,"Men's Athletic Ankle Socks 3/5/6/7 Pack, Performance Comfort Low Cut Running Cushion Socks Arch Support L and XXL",ACTINPUT,Sports & Outdoors,$0,0,$12.99,$5.14,7.85,"256,365",44,68,1,Gofriendly,4.3,"""1.7"" x ""4.6"" x ""8.1""",Standard (Large),0.2491
B07T17PDLW,"Men's Athletic Ankle Socks 3/5/6/7 Pack, Performance Comfort Low Cut Running Cushion Socks Arch Support L and XXL",ACTINPUT,Sports & Outdoors,$0,0,$12.99,N.A.,N.A.,"243,382",54,68,1,Gofriendly,4.5,N.A.,,
B07RKTCPHH,"Men's Athletic Ankle Socks 3/5/6/7 Pack, Performance Comfort Low Cut Running Cushion Socks Arch Support L and XXL",ACTINPUT,Sports & Outdoors,$389.7,30,$12.99,N.A.,N.A.,"147,463",41,68,1,Gofriendly,4.3,N.A.,,
B07S6BHN2L,"Men's Athletic Ankle Socks 3/5/6/7 Pack, Performance Comfort Low Cut Running Cushion Socks Arch Support L and XXL",ACTINPUT,Sports & Outdoors,$0,0,$12.99,$5.14,7.85,"244,962",45,68,1,Gofriendly,4.4,"""3.45"" x ""9.95"" x ""11.45""",Standard (Large),0.7694
B07VQXQ7KG,"Men's Athletic Ankle Socks 3/5/6/7 Pack, Performance Comfort Low Cut Running Cushion Socks Arch Support L and XXL",ACTINPUT,Sports & Outdoors,$389.7,30,$12.99,N.A.,N.A.,"141,504",41,68,1,Gofriendly,4.3,N.A.,,
B07SVYMSYF,"Men's Athletic Ankle Socks 3/5/6/7 Pack, Performance Comfort Low Cut Running Cushion Socks Arch Support L and XXL",ACTINPUT,"Clothing, Shoes & Jewelry",$0,0,$12.99,$5.14,7.85,"491,979",56,66,1,Gofriendly,4.5,"""2.5197"" x ""6.6142"" x ""9.685""",Standard (Large),0.4497
B07QFPX5B8,"Men's Athletic Ankle Socks 3/5/6/7 Pack, Performance Comfort Low Cut Running Cushion Socks Arch Support L and XXL",ACTINPUT,Sports & Outdoors,$0,0,$12.99,$5.14,7.85,"244,962",46,48,1,Gofriendly,4.4,"""2.5"" x ""9.5"" x ""11""",Standard (Large),0.7606
B07QFPYBCC,"Men's Athletic Ankle Socks 3/5/6/7 Pack, Performance Comfort Low Cut Running Cushion Socks Arch Support L and XXL",ACTINPUT,Sports & Outdoors,$0,0,$12.99,N.A.,N.A.,"255,105",44,48,1,Gofriendly,4.3,"""2.5197"" x ""6.6142"" x ""9.685""",,0.4497
B07T17JRND,"Men's Athletic Ankle Socks 3/5/6/7 Pack, Performance Comfort Low Cut Running Cushion Socks Arch Support L and XXL",ACTINPUT,Sports & Outdoors,$194.85,15,$12.99,$5.14,7.85,"239,022",54,68,1,Gofriendly,4.5,"""2.5197"" x ""6.6142"" x ""9.685""",Standard (Large),0.4497
B07T4FK8G3,"Men's Athletic Ankle Socks 3/5/6/7 Pack, Performance Comfort Low Cut Running Cushion Socks Arch Support L and XXL",ACTINPUT,Sports & Outdoors,$194.85,15,$12.99,$5.14,7.85,"141,504",41,68,1,Gofriendly,4.3,"""2.5197"" x ""6.6142"" x ""9.685""",Standard (Large),0.4497
B07SZ5396B,"Men's Athletic Ankle Socks 3/5/6/7 Pack, Performance Comfort Low Cut Running Cushion Socks Arch Support L and XXL",ACTINPUT,Sports & Outdoors,$0,0,$12.99,N.A.,N.A.,"257,783",44,68,1,Gofriendly,4.3,N.A.,,
B07RJPMM2F,"Men's Athletic Ankle Socks 3/5/6/7 Pack, Performance Comfort Low Cut Running Cushion Socks Arch Support L and XXL",ACTINPUT,Sports & Outdoors,$0,0,$12.99,$5.14,7.85,"255,053",44,68,1,Gofriendly,4.3,"""1.7717"" x ""6.5709"" x ""11.1417""",Standard (Large),0.2646
B07S8CLWDF,"Men's Athletic Ankle Socks 3/5/6/7 Pack, Performance Comfort Low Cut Running Cushion Socks Arch Support L and XXL",ACTINPUT,Sports & Outdoors,$0,0,$12.99,$5.14,7.85,"242,812",46,68,1,Gofriendly,4.4,"""2"" x ""4.1"" x ""8.7""",Standard (Large),0.5997
B07SX3LSBS,"Men's Athletic Ankle Socks 3/5/6/7 Pack, Performance Comfort Low Cut Running Cushion Socks Arch Support L and XXL",ACTINPUT,Sports & Outdoors,$0,0,$12.99,$5.14,7.85,"256,935",44,68,1,Gofriendly,4.3,"""2.5197"" x ""6.6142"" x ""9.685""",Standard (Large),0.4497
B07RHL9K8B,"Men's Athletic Ankle Socks 3/5/6/7 Pack, Performance Comfort Low Cut Running Cushion Socks Arch Support L and XXL",ACTINPUT,Sports & Outdoors,$0,0,$12.99,$5.14,7.85,"249,960",54,68,1,Gofriendly,4.5,"""1.7"" x ""4.6"" x ""8.1""",Standard (Large),0.2491
B07R58B5LY,Men's Low Cut Running Sock Cotton 3/7 Pack Performance Comfort No Show Athletic Cushion Socks Tab L and XXL,ACTINPUT,Sports & Outdoors,$5936.7,330,$17.99,N.A.,N.A.,"15,745",430,45,1,Gofriendly,4.4,"""1.7"" x ""4.6"" x ""8.1""",,0.2491
B07S8WBXGL,Men's Low Cut Running Sock Cotton 3/7 Pack Performance Comfort No Show Athletic Cushion Socks Tab L and XXL,ACTINPUT,Sports & Outdoors,$4857.3,270,$17.99,$5.89,12.1,"18,196",423,65,1,Gofriendly,4.4,"""3.3"" x ""6.9"" x ""10.8""",Standard (Large),0.7011
B07R59DMY7,Men's Low Cut Running Sock Cotton 3/7 Pack Performance Comfort No Show Athletic Cushion Socks Tab L and XXL,ACTINPUT,Sports & Outdoors,$7555.8,420,$17.99,$5.89,12.1,"24,675",422,65,1,Gofriendly,4.4,"""1.7"" x ""4.6"" x ""8.1""",Standard (Large),0.2491
B07TC2NSBS,Men's Low Cut Running Sock Cotton 3/7 Pack Performance Comfort No Show Athletic Cushion Socks Tab L and XXL,ACTINPUT,Sports & Outdoors,$5936.7,330,$17.99,$5.89,12.1,"14,922",430,65,1,Gofriendly,4.4,"""2.5197"" x ""6.6142"" x ""9.685""",Standard (Large),0.4497
B07SBMH96P,Men's Low Cut Running Sock Cotton 3/7 Pack Performance Comfort No Show Athletic Cushion Socks Tab L and XXL,ACTINPUT,Sports & Outdoors,$4317.6,240,$17.99,N.A.,N.A.,"21,344",420,65,1,Yshow Co,4.4,N.A.,,
B07TD4B8T1,Men's Low Cut Running Sock Cotton 3/7 Pack Performance Comfort No Show Athletic Cushion Socks Tab L and XXL,ACTINPUT,Sports & Outdoors,$6296.5,350,$17.99,$5.89,12.1,"24,675",422,65,1,Gofriendly,4.4,"""2.5197"" x ""6.6142"" x ""9.685""",Standard (Large),0.4497
B07S9X6BD5,Men's Low Cut Running Sock Cotton 3/7 Pack Performance Comfort No Show Athletic Cushion Socks Tab L and XXL,ACTINPUT,Sports & Outdoors,$5127.15,285,$17.99,$5.89,12.1,"24,014",422,65,1,Gofriendly,4.4,"""1.7717"" x ""6.5709"" x ""11.1417""",Standard (Large),0.2646
B07TGGKHMD,Men's Low Cut Running Sock Cotton 3/7 Pack Performance Comfort No Show Athletic Cushion Socks Tab L and XXL,ACTINPUT,Sports & Outdoors,$7016.1,390,$17.99,$5.89,12.1,"12,905",430,65,1,Gofriendly,4.4,"""2.2"" x ""9.53"" x ""10.63""",Standard (Large),0.9502
B07SN186WC,Men's Low Cut Running Sock Cotton 3/7 Pack Performance Comfort No Show Athletic Cushion Socks Tab L and XXL,ACTINPUT,Sports & Outdoors,$7016.1,390,$17.99,$5.89,12.1,"13,334",430,65,1,Gofriendly,4.4,"""2.9"" x ""9.3"" x ""11.35""",Standard (Large),0.8289
B07Q1BWVLB,Men's Low Cut Running Sock Cotton 3/7 Pack Performance Comfort No Show Athletic Cushion Socks Tab L and XXL,ACTINPUT,Sports & Outdoors,$3777.9,210,$17.99,$5.89,12.1,"24,058",422,45,1,Gofriendly,4.4,"""2.6"" x ""8.2"" x ""10""",Standard (Large),0.8003
B07F7V3XZX,Men's Low Cut Running Sock Cotton 3/7 Pack Performance Comfort No Show Athletic Cushion Socks Tab L and XXL,ACTINPUT,Sports & Outdoors,$4857.3,270,$17.99,$5.89,12.1,"18,945",422,45,1,Gofriendly,4.4,"""2.4016"" x ""7.0866"" x ""9.7638""",Standard (Large),0.5666
B07S8VFN16,Men's Low Cut Running Sock Cotton 3/7 Pack Performance Comfort No Show Athletic Cushion Socks Tab L and XXL,ACTINPUT,Sports & Outdoors,$3777.9,210,$17.99,$5.89,12.1,"23,938",422,65,1,Gofriendly,4.4,"""1.7717"" x ""6.5709"" x ""11.1417""",Standard (Large),0.2646
B07SKST1KV,Men's Low Cut Running Sock Cotton 3/7 Pack Performance Comfort No Show Athletic Cushion Socks Tab L and XXL,ACTINPUT,Sports & Outdoors,$7016.1,390,$17.99,$5.89,12.1,"13,334",430,65,1,Gofriendly,4.4,"""2.3"" x ""8.1"" x ""9.9""",Standard (Large),0.7011
B07PVYWHLP,Men's Low Cut Running Sock Cotton 3/7 Pack Performance Comfort No Show Athletic Cushion Socks Tab L and XXL,ACTINPUT,Sports & Outdoors,$5630.87,313,$17.99,$5.89,12.1,"24,129",421,45,1,Gofriendly,4.4,"""2.6"" x ""8.5"" x ""9.5""",Standard (Large),0.7496
B073V2913L,Men's Low Cut Running Sock Cotton 3/7 Pack Performance Comfort No Show Athletic Cushion Socks Tab L and XXL,ACTINPUT,Sports & Outdoors,$4857.3,270,$17.99,$5.89,12.1,"18,196",423,65,1,Gofriendly,4.4,"""7.32"" x ""4.88"" x ""1.81""",Standard (Large),0.35
B07SJQFPCZ,Men's Low Cut Running Sock Cotton 3/7 Pack Performance Comfort No Show Athletic Cushion Socks Tab L and XXL,ACTINPUT,Sports & Outdoors,$7016.1,390,$17.99,$5.89,12.1,"13,334",430,65,1,Gofriendly,4.4,"""2.5"" x ""8.1"" x ""10""",Standard (Large),0.7011
B07DWRB8QW,Men's Low Cut Running Sock Cotton 3/7 Pack Performance Comfort No Show Athletic Cushion Socks Tab L and XXL,ACTINPUT,Sports & Outdoors,$3508.05,195,$17.99,$5.89,12.1,"24,675",422,65,1,Gofriendly,4.4,"""1.811"" x ""4.8819"" x ""7.3228""",Standard (Large),0.3505
B07MMLQ823,Plantar Fasciitis Socks with Arch Support for Men & Women - Best Compression Socks Foot Sleeve for Aching Feet & Heel Pain Relief,ACTINPUT,Sports & Outdoors,$0,0,$10.99,$4.84,6.15,"334,498",216,70,1,ACTINPUT SOCKS,4.3,"""1.2"" x ""4.4"" x ""5.2""",Standard (Large),0.2006
B07WV12921,Plantar Fasciitis Socks with Arch Support for Men & Women - Best Compression Socks Foot Sleeve for Aching Feet & Heel Pain Relief,ACTINPUT,Sports & Outdoors,$0,0,$10.99,N.A.,N.A.,"307,291",216,70,1,ACTINPUT SOCKS,4.3,N.A.,,
B07FZZ2BJZ,Plantar Fasciitis Socks with Arch Support for Men & Women - Best Compression Socks Foot Sleeve for Aching Feet & Heel Pain Relief,ACTINPUT,Sports & Outdoors,$0,0,$10.99,$4.84,6.15,"331,473",206,65,1,ACTINPUT SOCKS,4.2,"""1.6"" x ""7.2"" x ""11.3""",Standard (Large),0.3505
B07MK1RQP3,Plantar Fasciitis Socks with Arch Support for Men & Women - Best Compression Socks Foot Sleeve for Aching Feet & Heel Pain Relief,ACTINPUT,Sports & Outdoors,$0,0,$10.99,$4.84,6.15,"336,855",206,70,1,ACTINPUT SOCKS,4.2,"""1"" x ""4.25"" x ""5.25""",Standard (Large),0.0992
B0753BXW8R,Plantar Fasciitis Socks with Arch Support for Men & Women - Best Compression Socks Foot Sleeve for Aching Feet & Heel Pain Relief,ACTINPUT,Sports & Outdoors,$0,0,$10.99,$4.84,6.15,"311,518",216,50,1,ACTINPUT SOCKS,4.3,"""9.49"" x ""4.8"" x ""1.1""",Standard (Large),0.5
B07MT1QZF5,Plantar Fasciitis Socks with Arch Support for Men & Women - Best Compression Socks Foot Sleeve for Aching Feet & Heel Pain Relief,ACTINPUT,Sports & Outdoors,$16649.85,1515,$10.99,$4.84,6.15,"333,633",206,70,1,ACTINPUT SOCKS,4.2,"""1"" x ""4.25"" x ""5.25""",Standard (Large),0.0992
B0753BYG6H,Plantar Fasciitis Socks with Arch Support for Men & Women - Best Compression Socks Foot Sleeve for Aching Feet & Heel Pain Relief,ACTINPUT,Sports & Outdoors,$3297,300,$10.99,N.A.,N.A.,"342,178",209,50,1,ACTINPUT SOCKS,4.3,"""2.5"" x ""2"" x ""2""",,0
B07569BZ51,Plantar Fasciitis Socks with Arch Support for Men & Women - Best Compression Socks Foot Sleeve for Aching Feet & Heel Pain Relief,ACTINPUT,Sports & Outdoors,$0,0,$10.99,$4.84,6.15,"308,106",216,50,1,ACTINPUT SOCKS,4.3,"""10"" x ""5.31"" x ""1.69""",Standard (Large),0.65
B07MCSQB8Q,Plantar Fasciitis Socks with Arch Support for Men & Women - Best Compression Socks Foot Sleeve for Aching Feet & Heel Pain Relief,ACTINPUT,Sports & Outdoors,$0,0,$10.99,N.A.,N.A.,"329,640",206,70,1,ACTINPUT SOCKS,4.2,N.A.,,
B07XNWMPQG,Plantar Fasciitis Socks with Arch Support for Men & Women - Best Compression Socks Foot Sleeve for Aching Feet & Heel Pain Relief,ACTINPUT,Sports & Outdoors,$0,0,$10.99,$4.84,6.15,"339,645",209,70,1,ACTINPUT SOCKS,4.3,"""2.4"" x ""7"" x ""7.3""",Standard (Large),0.2006
B07L5CYCS7,Plantar Fasciitis Socks with Arch Support for Men & Women - Best Compression Socks Foot Sleeve for Aching Feet & Heel Pain Relief,ACTINPUT,Sports & Outdoors,$10385.55,945,$10.99,$4.84,6.15,"333,633",206,70,1,ACTINPUT SOCKS,4.2,"""1.6929"" x ""5.315"" x ""10""",Standard (Large),0.6504
B07MGFSB2M,Plantar Fasciitis Socks with Arch Support for Men & Women - Best Compression Socks Foot Sleeve for Aching Feet & Heel Pain Relief,ACTINPUT,Sports & Outdoors,$12363.75,1125,$10.99,$4.84,6.15,"333,633",206,70,1,ACTINPUT SOCKS,4.2,"""1.1"" x ""4.4"" x ""5.2""",Standard (Large),0.1499
B07MCSQR9D,Plantar Fasciitis Socks with Arch Support for Men & Women - Best Compression Socks Foot Sleeve for Aching Feet & Heel Pain Relief,ACTINPUT,Sports & Outdoors,$0,0,$10.99,$4.84,6.15,"330,955",206,70,1,ACTINPUT SOCKS,4.2,"""1"" x ""4.25"" x ""5""",Standard (Large),0.0992
B07MGFSCSV,Plantar Fasciitis Socks with Arch Support for Men & Women - Best Compression Socks Foot Sleeve for Aching Feet & Heel Pain Relief,ACTINPUT,Sports & Outdoors,$7418.25,675,$10.99,$4.84,6.15,"342,178",209,70,1,ACTINPUT SOCKS,4.3,"""1.1"" x ""4.4"" x ""5.2""",Standard (Large),0.2006
B07MGFSGDS,Plantar Fasciitis Socks with Arch Support for Men & Women - Best Compression Socks Foot Sleeve for Aching Feet & Heel Pain Relief,ACTINPUT,Sports & Outdoors,$0,0,$10.99,$4.84,6.15,"342,178",209,70,1,ACTINPUT SOCKS,4.3,"""1"" x ""4.25"" x ""5.25""",Standard (Large),0.2491
B07RN3LWZV,Plantar Fasciitis Socks with Arch Support for Men & Women - Best Compression Socks Foot Sleeve for Aching Feet & Heel Pain Relief,ACTINPUT,Sports & Outdoors,$0,0,$10.99,N.A.,N.A.,"329,640",206,70,1,ACTINPUT SOCKS,4.2,N.A.,,
B07M83XHM5,Plantar Fasciitis Socks with Arch Support for Men & Women - Best Compression Socks Foot Sleeve for Aching Feet & Heel Pain Relief,ACTINPUT,Sports & Outdoors,$824.25,75,$10.99,$4.84,6.15,"333,005",206,70,1,ACTINPUT SOCKS,4.2,"""1"" x ""4.25"" x ""5.25""",Standard (Large),0.1499
B07SQ8C2M7,Plantar Fasciitis Socks with Arch Support for Men & Women - Best Compression Socks Foot Sleeve for Aching Feet & Heel Pain Relief,ACTINPUT,Sports & Outdoors,$1318.8,120,$10.99,$4.84,6.15,"333,005",206,70,1,ACTINPUT SOCKS,4.2,"""2.1"" x ""5.5"" x ""7""",Standard (Large),0.2491
B07WSYYVDY,Plantar Fasciitis Socks with Arch Support for Men & Women - Best Compression Socks Foot Sleeve for Aching Feet & Heel Pain Relief,ACTINPUT,Sports & Outdoors,$0,0,$10.99,N.A.,N.A.,"330,657",206,70,1,ACTINPUT SOCKS,4.2,"""0"" x ""0"" x ""0""",,0
B07THZ6TQ2,"Sport Plantar Fasciitis Compression Socks Arch Support Ankle Socks - Best For Running, Athletic, and Travel",ACTINPUT,"Clothing, Shoes & Jewelry",$419.7,30,$13.99,$5.29,8.7,"309,915",21,65,1,ACTINPUT SOCKS,4.7,"""1.6929"" x ""5.315"" x ""10""",Standard (Large),0.6504
B07JQWHQBX,"Sport Plantar Fasciitis Compression Socks Arch Support Ankle Socks - Best For Running, Athletic, and Travel",ACTINPUT,Sports & Outdoors,$209.85,15,$13.99,$5.29,8.7,"195,189",16,65,1,ACTINPUT SOCKS,4.8,"""1.6929"" x ""5.315"" x ""10""",Standard (Large),0.6504
B07RN4DZFK,"Sport Plantar Fasciitis Compression Socks Arch Support Ankle Socks - Best For Running, Athletic, and Travel",ACTINPUT,Sports & Outdoors,$839.4,60,$13.99,$5.29,8.7,"80,109",23,65,1,,4.7,"""1.6929"" x ""5.315"" x ""10""",Standard (Large),0.6504
B07NRG247P,"Sport Plantar Fasciitis Compression Socks Arch Support Ankle Socks - Best For Running, Athletic, and Travel",ACTINPUT,"Clothing, Shoes & Jewelry",$0,0,$11.99,$4.99,7,"606,543",20,65,1,ACTINPUT SOCKS,4.7,"""1.6929"" x ""5.315"" x ""10""",Standard (Large),0.6504
B07THYG2KR,"Sport Plantar Fasciitis Compression Socks Arch Support Ankle Socks - Best For Running, Athletic, and Travel",ACTINPUT,"Clothing, Shoes & Jewelry",$0,0,$13.99,$5.29,8.7,"654,351",20,65,1,ACTINPUT SOCKS,4.7,"""1.6929"" x ""5.315"" x ""10""",Standard (Large),0.6504
B07JQSWPB9,"Sport Plantar Fasciitis Compression Socks Arch Support Ankle Socks - Best For Running, Athletic, and Travel",ACTINPUT,Sports & Outdoors,$419.7,30,$13.99,$5.29,8.7,"121,718",23,65,1,ACTINPUT SOCKS,4.7,"""1.6929"" x ""5.315"" x ""10""",Standard (Large),0.6504
B07TG8SXXV,Women's Low Cut Running Cushion Sock 4/5/7/8 Pack Performance Comfort Hidden No Show Athletic Socks Arch Support,ACTINPUT,Sports & Outdoors,$0,0,$12.99,$5.14,7.85,"329,151",19,69,1,Gofriendly,4.8,"""1.7"" x ""4.6"" x ""8.1""",Standard (Large),0.2491
B07TD4MRHY,Women's Low Cut Running Cushion Sock 4/5/7/8 Pack Performance Comfort Hidden No Show Athletic Socks Arch Support,ACTINPUT,"Clothing, Shoes & Jewelry",$0,0,$12.99,$5.14,7.85,"763,717",23,69,1,Gofriendly,4.8,"""1.7"" x ""4.6"" x ""8.1""",Standard (Large),0.2491
B07SNN9X63,Women's Low Cut Running Cushion Sock 4/5/7/8 Pack Performance Comfort Hidden No Show Athletic Socks Arch Support,ACTINPUT,Sports & Outdoors,$0,0,$12.99,N.A.,N.A.,"324,180",19,69,1,Gofriendly,4.8,N.A.,,
B07TD4MWCV,Women's Low Cut Running Cushion Sock 4/5/7/8 Pack Performance Comfort Hidden No Show Athletic Socks Arch Support,ACTINPUT,Sports & Outdoors,$0,0,$12.99,N.A.,N.A.,"320,794",20,69,1,Gofriendly,4.8,N.A.,,
B07SG8T98B,Women's Low Cut Running Cushion Sock 4/5/7/8 Pack Performance Comfort Hidden No Show Athletic Socks Arch Support,ACTINPUT,Sports & Outdoors,$0,0,$12.99,$5.14,7.85,"325,232",19,69,1,Gofriendly,4.8,"""1.7"" x ""4.6"" x ""8.1""",Standard (Large),0.2491
B07THB572H,Women's Low Cut Running Cushion Sock 4/5/7/8 Pack Performance Comfort Hidden No Show Athletic Socks Arch Support,ACTINPUT,Sports & Outdoors,$0,0,$12.99,N.A.,N.A.,"320,794",20,69,1,Gofriendly,4.8,N.A.,,
B07TF7N8M6,Women's Low Cut Running Cushion Sock 4/5/7/8 Pack Performance Comfort Hidden No Show Athletic Socks Arch Support,ACTINPUT,Sports & Outdoors,$0,0,$12.99,N.A.,N.A.,"319,046",20,69,1,Gofriendly,4.8,N.A.,,
B07Q6K513K,Women's Low Cut Running Cushion Sock 4/5/7/8 Pack Performance Comfort Hidden No Show Athletic Socks Arch Support,ACTINPUT,Sports & Outdoors,$0,0,$12.99,$5.14,7.85,"329,045",19,69,1,Gofriendly,4.8,"""1.8071"" x ""2.5197"" x ""9.4882""",Standard (Large),0.3263
